W1	 W2	 W3	 W4
-0.0	0.0	-0.0	0.0
-0.0	0.0	-0.0	0.0
-0.0	0.0	-0.0	0.0
-0.0	0.0	-0.0	0.0
-0.0	0.0	-0.0	0.0
-0.0	0.0	-0.0	0.0
-0.0	0.0	-0.0	0.0
-0.0	0.0	-0.0	0.0
-0.0	0.0	-0.0	0.0
-0.0	0.0	-0.0	0.0
-0.0	0.0	-0.0	0.0
-0.0	0.0	-0.0	0.0
-0.0	0.0	-0.0	0.0
-0.0	0.0	-0.0	0.0
-0.0	0.0	-0.0	0.0
-0.0	0.0	-0.0	0.0
-0.0	0.0	-0.0	0.0
-0.0	0.0	-0.0	0.0
-0.0	0.0	-0.0	0.0
-0.0	0.0	-0.0	0.0
-0.0	0.0	-0.0	0.0
-0.0	0.0	-0.0	0.0
-0.0	0.0	-0.0	0.0
-0.0	0.0	-0.0	0.0
-0.0	0.0	-0.0	0.0
-0.0	0.0	-0.0	0.0
-0.0	0.0	-0.0	0.0
-0.0	0.0	-0.0	0.0
-0.0	0.0	-0.0	0.0
-0.0	0.0	-0.0	0.0
-0.0	0.0	-0.0	0.0
-0.0	0.0	-0.0	0.0
-0.0	0.0	-0.0	0.0
-0.0	0.0	-0.0	0.0
-0.0	0.0	-0.0	0.0
-0.0	0.0	-0.0	0.0
-0.0	0.0	-0.0	0.0
-0.0	0.0	-0.0	0.0
-0.0	0.0	-0.0	0.0
-0.0	0.0	-0.0	0.0
-0.0	0.0	-0.0	0.0
-0.0	0.0	-0.0	0.0
-0.0	0.0	-0.0	0.0
-0.0	0.0	-0.0	0.0
-0.0	0.0	-0.0	0.0
-0.0	0.0	-0.0	0.0
-0.0	0.0	-0.0	0.0
-0.0	0.0	-0.0	0.0
-0.0	0.0	-0.0	0.0
-0.0	0.0	-0.0	0.0
-0.0	0.0	-0.0	0.0
-0.0	0.0	-0.0	0.0
-0.0	0.0	-0.0	0.0
-0.0	0.0	-0.0	0.0
-0.0	0.0	-0.0	0.0
-0.0	0.0	-0.0	0.0
-0.0	0.0	-0.0	0.0
-0.0	0.0	-0.0	0.0
-0.0	0.0	-0.0	0.0
-0.0	0.0	-0.0	0.0
-0.0	0.0	-0.0	0.0
-0.0	0.0	-0.0	0.0
-0.0	0.0	-0.0	0.0
-0.0	0.0	-0.0	0.0
-0.0	0.0	-0.0	0.0
-0.0	0.0	-0.0	0.0
-0.0	0.0	-0.0	0.0
-0.0	0.0	-0.0	0.0
-0.0	0.0	-0.0	0.0
-0.0	0.0	-0.0	0.0
-0.0	0.0	-0.0	0.0
-0.0	0.0	-0.0	0.0
-0.0	0.0	-0.0	0.0
-0.0	0.0	-0.0	0.0
-0.0	0.0	-0.0	0.0
-0.0	0.0	-0.0	0.0
-0.0	0.0	-0.0	0.0
-0.0	0.0	-0.0	0.0
-0.0	0.0	-0.0	0.0
-0.0	0.0	-0.0	0.0
-0.0	0.0	-0.0	0.0
-0.0	0.0	-0.0	0.0
-0.0	0.0	-0.0	0.0
-0.0	0.0	-0.0	0.0
-0.0	0.0	-0.0	0.0
-0.0	0.0	-0.0	0.0
-0.0	0.0	-0.0	0.0
-0.0	0.0	-0.0	0.0
-0.0	0.0	-0.0	0.0
-0.0	0.0	-0.0	0.0
-0.0	0.0	-0.0	0.0
-0.0	0.0	-0.0	0.0
-0.0	0.0	-0.0	0.0
-0.0	0.0	-0.0	0.0
-0.0	0.0	-0.0	0.0
-0.0	0.0	-0.0	0.0
-0.0	0.0	-0.0	0.0
-0.0	0.0	-0.0	0.0
-0.0	0.0	-0.0	0.0
-0.0	0.0	-0.0	0.0
-0.0	0.0	-0.0	0.0
-0.0	0.0	-0.0	0.0
-0.0	0.0	-0.0	0.0
-0.0	0.0	-0.0	0.0
-0.0	0.0	-0.0	0.0
-0.0	0.0	-0.0	0.0
-0.0	0.0	-0.0	0.0
-0.0	0.0	-0.0	0.0
-0.0	0.0	-0.0	0.0
-0.0	0.0	-0.0	0.0
-0.0	0.0	-0.0	0.0
-0.0	0.0	-0.0	0.0
-0.0	0.0	-0.0	0.0
-0.0	0.0	-0.0	0.0
-0.0	0.0	-0.0	0.0
-0.0	0.0	-0.0	0.0
-0.0	0.0	-0.0	0.0
-0.0	0.0	-0.0	0.0
-0.0	0.0	-0.0	0.0
-0.0	0.0	-0.0	0.0
-0.0	0.0	-0.0	0.0
-0.0	0.0	-0.0	0.0
-0.0	0.0	-0.0	0.0
-0.0	0.0	-0.0	0.0
-0.0	0.0	-0.0	0.0
-0.0	0.0	-0.0	0.0
-0.0	0.0	-0.0	0.0
-0.0	0.0	-0.0	0.0
-0.0	0.0	-0.0	0.0
-0.0	0.0	-0.0	0.0
-0.0	0.0	-0.0	0.0
-0.0	0.0	-0.0	0.0
-0.0	0.0	-0.0	0.0
-0.0	0.0	-0.0	0.0
-0.0	0.0	-0.0	0.0
-0.0	0.0	-0.0	0.0
-0.0	0.0	-0.0	0.0
-0.0	0.0	-0.0	0.0
-0.0	0.0	-0.0	0.0
-0.0	0.0	-0.0	0.0
-0.0	0.0	-0.0	0.0
-0.0	0.0	-0.0	0.0
-0.0	0.0	-0.0	0.0
-0.0	0.0	-0.0	0.0
-0.0	0.0	-0.0	0.0
-0.0	0.0	-0.0	0.0
-0.0	0.0	-0.0	0.0
-0.0	0.0	-0.0	0.0
-0.0	0.0	-0.0	0.0
-0.0	0.0	-0.0	0.0
-0.0	0.0	-0.0	0.0
-0.0	0.0	-0.0	0.0
-0.0	0.0	-0.0	0.0
-0.0	0.0	-0.0	0.0
-0.0	0.0	-0.0	0.0
-0.0	0.0	-0.0	0.0
-0.0	0.0	-0.0	0.0
-0.0	0.0	-0.0	0.0
-0.0	0.0	-0.0	0.0
-0.0	0.0	-0.0	0.0
-0.0	0.0	-0.0	0.0
-0.0	0.0	-0.0	0.0
-0.0	0.0	-0.0	0.0
-0.0	0.0	-0.0	0.0
-0.0	0.0	-0.0	0.0
-0.0	0.0	-0.0	0.0
-0.0	0.0	-0.0	0.0
-0.0	0.0	-0.0	0.0
-0.0	0.0	-0.0	0.0
-0.0	0.0	-0.0	0.0
-0.0	0.0	-0.0	0.0
-0.0	0.0	-0.0	0.0
-0.0	0.0	-0.0	0.0
-0.0	0.0	-0.0	0.0
-0.0	0.0	-0.0	0.0
-0.0	0.0	-0.0	0.0
-0.0	0.0	-0.0	0.0
-0.0	0.0	-0.0	0.0
-0.0	0.0	-0.0	0.0
-0.0	0.0	-0.0	0.0
-0.0	0.0	-0.0	0.0
-0.0	0.0	-0.0	0.0
-0.0	0.0	-0.0	0.0
-0.0	0.0	-0.0	0.0
-0.0	0.0	-0.0	0.0
-0.0	0.0	-0.0	0.0
-0.0	0.0	-0.0	0.0
-0.0	0.0	-0.0	0.0
-0.0	0.0	-0.0	0.0
-0.0	0.0	-0.0	0.0
-0.0	0.0	-0.0	0.0
-0.0	0.0	-0.0	0.0
-0.0	0.0	-0.0	0.0
-0.0	0.0	-0.0	0.0
-0.0	0.0	-0.0	0.0
-0.0	0.0	-0.0	0.0
-0.0	0.0	-0.0	0.0
-0.0	0.0	-0.0	0.0
-0.0	0.0	-0.0	0.0
-0.0	0.0	-0.0	0.0
-0.0	0.0	-0.0	0.0
-0.0	0.0	-0.0	0.0
-0.0	0.0	-0.0	0.0
-0.0	0.0	-0.0	0.0
-0.0	0.0	-0.0	0.0
-0.0	0.0	-0.0	0.0
-0.0	0.0	-0.0	0.0
-0.0	0.0	-0.0	0.0
-0.0	0.0	-0.0	0.0
-0.0	0.0	-0.0	0.0
-0.0	0.0	-0.0	0.0
-0.0	0.0	-0.0	0.0
-0.0	0.0	-0.0	0.0
-0.0	0.0	-0.0	0.0
-0.0	0.0	-0.0	0.0
-0.0	0.0	-0.0	0.0
-0.0	0.0	-0.0	0.0
-0.0	0.0	-0.0	0.0
-0.0	0.0	-0.0	0.0
-0.0	0.0	-0.0	0.0
-0.0	0.0	-0.0	0.0
-0.0	0.0	-0.0	0.0
-0.0	0.0	-0.0	0.0
-0.0	0.0	-0.0	0.0
-0.0	0.0	-0.0	0.0
-0.0	0.0	-0.0	0.0
-0.0	0.0	-0.0	0.0
-0.0	0.0	-0.0	0.0
-0.0	0.0	-0.0	0.0
-0.0	0.0	-0.0	0.0
-0.0	0.0	-0.0	0.0
-0.0	0.0	-0.0	0.0
-0.0	0.0	-0.0	0.0
-0.0	0.0	-0.0	0.0
-0.0	0.0	-0.0	0.0
-0.0	0.0	-0.0	0.0
-0.0	0.0	-0.0	0.0
-0.0	0.0	-0.0	0.0
-0.0	0.0	-0.0	0.0
-0.0	0.0	-0.0	0.0
-0.0	0.0	-0.0	0.0
-0.0	0.0	-0.0	0.0
-0.0	0.0	-0.0	0.0
-0.0	0.0	-0.0	0.0
-0.0	0.0	-0.0	0.0
-0.0	0.0	-0.0	0.0
-0.0	0.0	-0.0	0.0
-0.0	0.0	-0.0	0.0
-0.0	0.0	-0.0	0.0
-0.0	0.0	-0.0	0.0
-0.0	0.0	-0.0	0.0
-0.0	0.0	-0.0	0.0
-0.0	0.0	-0.0	0.0
-0.0	0.0	-0.0	0.0
-0.0	0.0	-0.0	0.0
-0.0	0.0	-0.0	0.0
-0.0	0.0	-0.0	0.0
-0.0	0.0	-0.0	0.0
-0.0	0.0	-0.0	0.0
-0.0	0.0	-0.0	0.0
-0.0	0.0	-0.0	0.0
-0.0	0.0	-0.0	0.0
-0.0	0.0	-0.0	0.0
-0.0	0.0	-0.0	0.0
-0.0	0.0	-0.0	0.0
-0.0	0.0	-0.0	0.0
-0.0	0.0	-0.0	0.0
-0.0	0.0	-0.0	0.0
-0.0	0.0	-0.0	0.0
-0.0	0.0	-0.0	0.0
-0.0	0.0	-0.0	0.0
-0.0	0.0	-0.0	0.0
-0.0	0.0	-0.0	0.0
-0.0	0.0	-0.0	0.0
-0.0	0.0	-0.0	0.0
-0.0	0.0	-0.0	0.0
-0.0	0.0	-0.0	0.0
-0.0	0.0	-0.0	0.0
-0.0	0.0	-0.0	0.0
-0.0	0.0	-0.0	0.0
-0.0	0.0	-0.0	0.0
-0.0	0.0	-0.0	0.0
-0.0	0.0	-0.0	0.0
-0.0	0.0	-0.0	0.0
-0.0	0.0	-0.0	0.0
-0.0	0.0	-0.0	0.0
-0.0	0.0	-0.0	0.0
-0.0	0.0	-0.0	0.0
-0.0	0.0	-0.0	0.0
-0.0	0.0	-0.0	0.0
-0.0	0.0	-0.0	0.0
-0.0	0.0	-0.0	0.0
-0.0	0.0	-0.0	0.0
-0.0	0.0	-0.0	0.0
-0.0	0.0	-0.0	0.0
-0.0	0.0	-0.0	0.0
-0.0	0.0	-0.0	0.0
-0.0	0.0	-0.0	0.0
-0.0	0.0	-0.0	0.0
-0.0	0.0	-0.0	0.0
-0.0	0.0	-0.0	0.0
-0.0	0.0	-0.0	0.0
-0.0	0.0	-0.0	0.0
-0.0	0.0	-0.0	0.0
-0.0	0.0	-0.0	0.0
0.455497301997	0.0	0.472367572441	0.0
0.775863800186	0.0	0.808712629753	0.0
1.13071574226	0.0	1.13383558886	0.0
1.1928392455	0.0136312273279	1.16822866045	0.0
1.50078547951	0.00347200788141	1.45552287618	0.0
1.47513733139	0.0029512066992	1.42868533161	0.0
1.65159083355	0.00250852569432	1.6234701795	0.0
1.75379256765	0.00213224684017	1.77230702494	0.0
1.65556384151	0.00181240981414	1.67130113021	0.0
1.68198354431	0.00154054834202	1.70730607792	0.0
1.65798947745	0.00130946609072	1.67951363102	0.0
1.95549753614	0.00111304617711	1.97379306667	0.0
1.8721265336	0.000946089250544	1.8701815989	0.0
1.83032938029	0.000804175862962	1.80694692881	0.0
1.86811214537	0.000683549483518	1.8340401447	0.0
1.87479307009	0.00058101706099	1.84583186952	0.0
1.87800732243	0.000493864501842	1.85339030195	0.0
1.90853737465	0.000419784826566	1.87460327596	0.0
1.82314397462	0.000356817102581	1.79429999074	0.0
2.00163827984	0.000303294537194	1.9959528061	0.0
2.05394134722	0.000257800356615	2.04910869454	0.0
1.97687532925	0.000219130303122	1.96388199046	0.0
2.03044400817	0.000186260757654	2.038849669	0.0
2.07495376066	0.000158321644006	2.09664342044	0.0
2.04497405739	0.000134573397405	2.08897966464	0.0
1.96265056843	0.000114387387794	2.01025636275	0.0
1.98312271933	0.00534505821583	2.02358764451	0.0
1.98288283771	0.00454329948345	1.99441429132	0.0
1.99502576196	0.00386180456094	1.98853405806	0.0
1.95399273399	0.0032825338768	1.94847478568	0.0
2.01184565705	0.00279015379528	1.98015910613	0.0
2.11787715824	0.00237163072598	2.04724983819	0.0
2.12378829526	0.00201588611709	2.04716057523	0.0
2.15671371678	0.00171350319952	2.07806116762	0.0
2.11487766067	0.0014564777196	2.07251612443	0.0
2.13523206974	0.00123800606166	2.09922476394	0.0
2.09554937638	0.00105230515241	2.11171018597	0.0
1.90896742352	0.000894459379547	1.94593146686	0.0
2.01401772346	0.000760290472615	2.0933631293	0.0
1.88731034668	0.000646246901722	1.95475394164	0.0
2.08701249272	0.000549309866464	2.18147790983	0.0
2.07462547597	0.000466913386494	2.15492108051	0.0
2.19779266304	0.00039687637852	2.2660439269	0.0
2.14131532974	0.000337344921742	2.18921069787	0.0
2.11820243169	0.000286743183481	2.1589134946	0.0
2.04276773566	0.000243731705959	2.06121909455	0.0
2.1644845998	0.000207171950065	2.1645048881	0.0
2.09972389278	0.000176096157555	2.09974113784	0.0
2.13314928241	0.000149681733922	2.11574474203	0.0
2.13732597078	0.000127229473834	2.11006483912	0.0
2.10603065028	0.000108145052759	2.08285868838	0.0
2.03883997727	9.19232948448e-05	2.0000119693	0.0
2.06445256407	7.81348006181e-05	2.03144875729	0.0
2.06131626538	6.64145805254e-05	2.02231547298	0.0
2.03641702235	5.64523934466e-05	2.01341985583	0.0
2.07663606203	4.79845344296e-05	2.08178001285	0.0
2.1546644396	4.07868542651e-05	2.17246865252	0.0
2.2022603363	3.46688261254e-05	2.21739391728	0.0
2.21465518653	2.94685022066e-05	2.21570032	0.0
2.28089192044	2.50482268756e-05	2.28178028389	0.0
2.31857677544	2.12909928442e-05	2.30623468978	0.0
2.29951029689	1.80973439176e-05	2.28901952409	0.0
2.38079164422	1.538274233e-05	2.38765996481	0.0
2.30437759318	1.30753309805e-05	2.3008588425	0.0
2.27675396017	1.11140313334e-05	2.27376302208	0.0
2.33143602914	9.44692663339e-06	2.30059407727	0.0
2.47663487781	8.02988763838e-06	2.45041921872	0.0
2.29306443383	6.82540449262e-06	2.2707811236	0.0
2.37016758944	5.80159381873e-06	2.36101893437	0.0
2.28744965919	4.93135474592e-06	2.29988124372	0.0
2.28988666591	4.19165153403e-06	2.30045351277	0.0
2.20990628582	3.56290380393e-06	2.23770972135	0.0
2.13498601462	3.02846823334e-06	2.15861893482	0.0
2.31517121946	2.57419799834e-06	2.38408194377	0.0
2.22845053784	2.18806829859e-06	2.28702465351	0.0
2.14719710344	1.8598580538e-06	2.18011749201	0.0
2.46914463069	1.58087934573e-06	2.49712696097	0.0
2.43654324611	1.34374744387e-06	2.4494324104	0.0
2.66513190117	1.14218532729e-06	2.63895830694	0.0
2.52881553661	9.70857528196e-07	2.61704844822	0.0
2.6248208224	8.25228898967e-07	2.53777529172	0.0
2.5153525302	7.01444564122e-07	2.44136382912	0.0
2.4014740784	5.96227879503e-07	2.4654176662	0.0
2.35996629843	5.06793697578e-07	2.30276868193	0.0
2.2599400268	4.30774642941e-07	2.21736892595	0.0
2.43427955395	3.661584465e-07	2.56625411982	0.0
2.53033559561	3.11234679525e-07	2.51673271076	0.0
2.47813136501	2.64549477596e-07	2.44610978109	0.0
2.36872037113	2.24867055957e-07	2.35898927219	0.0
2.44813938291	1.91136997563e-07	2.42628272795	0.0
2.65634444914	1.62466447929e-07	2.62032914171	0.0
2.65920084864	1.38096480739e-07	2.60498148045	0.0
2.55675487753	1.17382008629e-07	2.51066841456	0.0
2.50298012537	9.97747073343e-08	2.46380663185	0.0
2.8085057329	8.48085012341e-08	2.73264747426	0.0
2.75024289653	7.2087226049e-08	2.69828106716	0.0
2.61460109097	6.12741421417e-08	2.58889317793	0.0
2.53252263555	5.20830208204e-08	2.52579830986	0.0
2.46214465333	4.42705676974e-08	2.47853614887	0.0
2.60887377849	3.76299825427e-08	2.63945335044	0.0
2.56104548133	3.19854851613e-08	2.58703811749	0.0
2.47426182766	2.71876623871e-08	2.49635556839	0.0
2.611445972	2.31095130291e-08	2.64775404536	0.0
2.46431754969	1.96430860747e-08	2.49517941205	0.0
2.65013600444	1.66966231635e-08	2.65901027222	0.0
2.69840570784	1.4192129689e-08	2.67972588816	0.0
2.65973512586	1.20633102356e-08	2.6007878351	0.0
2.58009153371	1.02538137003e-08	2.52998633657	0.0
2.60342502187	8.71574164524e-09	2.54876656848	0.0
2.57178916244	7.40838039846e-09	2.52532947705	0.0
2.75766105055	6.29712333869e-09	2.69384520042	0.0
2.64022615014	5.35255483788e-09	2.56855830946	0.0
2.61139997	4.5496716122e-09	2.5627225635	0.0
2.56189059883	3.86722087037e-09	2.5205148033	0.0
2.61559545364	3.28713773982e-09	2.58042602744	0.0
2.60201415351	2.79406707884e-09	2.60999594304	0.0
2.61592633228	2.37495701702e-09	2.66452612597	0.0
2.58218253786	2.01871346446e-09	2.63908563013	0.0
2.61436751893	1.71590644479e-09	2.63805794961	0.0
2.61330093909	1.45852047808e-09	2.61043259646	0.0
2.5825837746	1.23974240636e-09	2.55950122758	0.0
2.63029546669	1.05378104541e-09	2.58581248696	0.0
2.80793712424	8.95713888598e-10	2.72774244498	0.0
2.6332629616	7.61356805308e-10	2.56509748423	0.0
2.89388685734	6.47153284512e-10	2.82309103805	0.0
2.91451160284	5.50080291835e-10	2.86122466817	0.0
2.8292220894	4.6756824806e-10	2.78392819493	0.0
2.86622303375	3.97433010851e-10	2.85748994976	0.0
2.77922591907	3.37818059223e-10	2.79466522037	0.0
2.68926632542	2.8714535034e-10	2.71660383127	0.0
2.68612378802	2.44073547789e-10	2.68434520478	0.0
2.61705101596	2.07462515621e-10	2.63707765867	0.0
2.70182747673	1.76343138277e-10	2.70521200552	0.0
2.74097171652	1.49891667536e-10	2.75691969426	0.0
2.71483463364	1.27407917405e-10	2.72839041472	0.0
2.97834583062	1.08296729795e-10	2.97123667809	0.0
2.87219516644	9.20522203254e-11	2.84611702147	0.0
2.96302565772	7.82443872766e-11	2.9715451031	0.0
2.93511826934	6.65077291851e-11	2.91921832789	0.0
2.86378836095	5.65315698074e-11	2.85027341072	0.0
2.85405042921	4.80518343363e-11	2.84256272152	0.0
2.78699520927	4.08440591858e-11	2.79979642926	0.0
2.61383065753	3.47174503079e-11	2.62471169452	0.0
2.70161821066	2.95098327618e-11	2.72257104702	0.0
2.57549992423	2.50833578475e-11	2.57780292152	0.0
2.694192341	2.13208541704e-11	2.6961498887	0.0
2.67486608559	1.81227260448e-11	2.67653000113	0.0
3.02547342331	1.54043171381e-11	3.00710256072	0.0
2.90394173268	1.30936695674e-11	2.87934570696	0.0
3.02212605287	1.11296191323e-11	3.00121943101	0.0
3.00014094821	9.46017626243e-12	2.98237031963	0.0
2.99371225571	8.04114982307e-12	2.97860722142	0.0
2.83803521628	6.83497734961e-12	2.98914347183	0.0
2.88287241019	5.80973074716e-12	2.76220370463	0.0
2.90859320816	4.93827113509e-12	2.7972141996	0.0
2.90190199821	4.19753046483e-12	2.82024795521	0.0
2.80788269672	3.5679008951e-12	2.72872630308	0.0
2.94151243298	3.03271576084e-12	2.87422949838	0.0
3.10192814911	2.57780839671e-12	3.02802536079	0.0
2.9054856445	2.1911371372e-12	2.84266827442	0.0
3.09567250735	1.86246656662e-12	3.01909219799	0.0
3.01661102322	1.58309658163e-12	2.95151776026	0.0
2.84583009844	1.34563209439e-12	2.79050082493	0.0
2.88788581626	1.14378728023e-12	2.8684400651	0.0
3.03959404926	9.72219188194e-13	3.05648750966	0.0
2.86426142417	8.26386309965e-13	2.87862086551	0.0
3.10088520995	7.0242836347e-13	3.11309073509	0.0
2.8640417469	5.9706410895e-13	2.8878452267	0.0
8.40133105383	5.07504492607e-13	3.26336857476	0.0
4.89038423294	4.31378818716e-13	2.94699768568	0.0
4.24467166433	3.66671995909e-13	3.28091278541	0.0
3.51689542874	3.11671196522e-13	3.09843251977	0.0
2.97229393877	2.64920517044e-13	2.92380962804	0.0
2.95721676156	2.25182439487e-13	2.93323577398	0.0
3.09596531953	1.91405073564e-13	2.8983502842	0.0
3.10464367031	1.6269431253e-13	2.82128719547	0.0
3.11627561342	1.3829016565e-13	2.80958419689	0.0
3.36153904261	1.17546640803e-13	3.16024340282	0.0
3.31145651507	9.99146446823e-14	3.1881603085	0.0
3.0995680157	8.49274479799e-14	3.03432595927	0.0
3.28137205012	7.21883307829e-14	3.29399411655	0.0
3.21367380992	6.13600811655e-14	3.28683014981	0.0
3.07855826879	5.21560689907e-14	3.22747504029	0.0
2.99560504522	4.43326586421e-14	3.16953811558	0.0
3.11788380187	3.76827598458e-14	3.31145647276	0.0
2.99559070419	3.20303458689e-14	3.16012747445	0.0
3.04107094376	2.72257939886e-14	3.14427395068	0.0
2.88390451529	2.31419248903e-14	2.93840549194	0.0
2.9067156	1.96706361567e-14	2.89150132718	0.0
2.88658467862	1.67200407332e-14	2.85054830124	0.0
2.94407017527	1.42120346232e-14	2.9134392545	0.0
3.04841202338	1.20802294298e-14	3.03655632188	0.0
2.95939076096	1.02681950153e-14	2.96869449579	0.0
3.05827187889	8.727965763e-15	3.0661800535	0.0
3.19186946094	7.41877089855e-15	3.21377957254	0.0
2.96774262593	6.30595526377e-15	2.98636622079	0.0
3.22859456379	5.3600619742e-15	3.25659726307	0.0
3.07482317183	4.55605267807e-15	3.26388436252	0.0
3.15277884459	3.87264477636e-15	3.1016604769	0.0
3.25347275358	3.29174805991e-15	3.17815487794	0.0
3.21806663552	2.79798585092e-15	3.15404644123	0.0
3.12364336742	2.37828797328e-15	3.04765471743	0.0
3.05599727909	2.02154477729e-15	3.00254304929	0.0
3.1631907409	1.7183130607e-15	3.11775464557	0.0
2.93189911643	1.46056610159e-15	2.90678882354	0.0
3.26444040394	1.24148118635e-15	3.26397033485	0.0
3.07476007546	1.0552590084e-15	3.10593796222	0.0
3.12792705846	8.9697015714e-16	3.18080677473	0.0
3.14458140364	7.62424633569e-16	3.20231451521	0.0
3.1739423262	6.48060938534e-16	3.22301547103	0.0
3.13398584101	5.50851797754e-16	3.18748544287	0.0
3.26721844839	4.68224028091e-16	3.34444734595	0.0
3.28631293295	3.97990423877e-16	3.35195749588	0.0
3.25159581476	3.38291860296e-16	3.2840938718	0.0
3.04051491827	2.87548081251e-16	3.05357729435	0.0
3.13730609547	2.44415869064e-16	3.12934468704	0.0
3.16778934615	2.07753488704e-16	3.14783585516	0.0
2.97004311008	1.76590465398e-16	2.96849498528	0.0
2.99104301223	1.50101895589e-16	2.98972710616	0.0
3.15510174806	1.2758661125e-16	3.20235547956	0.0
3.13546349159	1.08448619563e-16	3.21144182171	0.0
3.03876899855	9.21813266284e-17	3.11269120492	0.0
2.97252670713	7.83541276341e-17	3.03536058254	0.0
3.21860137585	6.6601008489e-17	3.23905999496	0.0
3.36269395391	5.66108572156e-17	3.33421430812	0.0
3.42925060761	4.81192286333e-17	3.37741577578	0.0
3.37932274005	4.09013443383e-17	3.32739093429	0.0
3.44704963431	3.47661426876e-17	3.41764158161	0.0
3.34840380775	2.95512212844e-17	3.33441779502	0.0
3.23884675222	2.51185380918e-17	3.24762724748	0.0
3.09364827701	2.1350757378e-17	3.14118564359	0.0
3.14906786798	1.81481437713e-17	3.24719316652	0.0
3.07430234769	1.54259222056e-17	3.17920045469	0.0
3.33050189086	1.31120338748e-17	3.38191028731	0.0
3.28194316478	1.11452287935e-17	3.32564030177	0.0
3.22946826851	9.47344447452e-18	3.26661083495	0.0
3.67518107159	8.05242780334e-18	3.68349892698	0.0
3.53746731709	6.84456363284e-18	3.53786711665	0.0
3.60089750114	5.81787908791e-18	3.60123733077	0.0
3.54042656366	4.94519722473e-18	3.54845192993	0.0
3.30983876674	4.20341764102e-18	3.32417223277	0.0
3.67910145705	3.57290499486e-18	3.72545879154	0.0
3.47900696136	3.03696924563e-18	3.53692494425	0.0
3.56567815811	2.58142385879e-18	3.62597248431	0.0
3.52716035094	2.19421027997e-18	3.54023099617	0.0
3.40584151274	1.86507873798e-18	3.40979796093	0.0
3.48276703546	1.58531692728e-18	3.48613001642	0.0
3.34256840719	1.34751938819e-18	3.47953796804	0.0
3.43701746464	1.14539147996e-18	3.38618985283	0.0
3.37652987581	9.73582757965e-19	3.35607965731	0.0
3.33763412768	8.2754534427e-19	3.35716594721	0.0
3.36601285779	7.0341354263e-19	3.38261490439	0.0
3.34123121659	5.97901511235e-19	3.3553429562	0.0
3.39969103465	5.0821628455e-19	3.38438628158	0.0
3.2396600926	4.31983841868e-19	3.22665105249	0.0
3.16484020336	3.67186265587e-19	3.15378251927	0.0
3.50408184927	3.12108325749e-19	3.47482994764	0.0
3.37476210405	2.65292076887e-19	3.34989798766	0.0
3.23536871494	2.25498265354e-19	3.21423421601	0.0
3.17624365614	1.91673525551e-19	3.15827933205	0.0
3.24696453924	1.62922496718e-19	3.25838547018	0.0
3.09468083654	1.3848412221e-19	3.10438862784	0.0
3.50257177464	1.17711503879e-19	3.53850889133	0.0
2.97718600845	1.00054778297e-19	3.59283588486	0.0
3.15621774739	8.50465615525e-20	3.48702486843	0.0
3.39379605968	7.22895773196e-20	3.70966557473	0.0
3.17522291998	6.14461407217e-20	3.44371200777	0.0
3.46513820334	5.22292196134e-20	3.67419895993	0.0
3.4895276817	4.43948366714e-20	3.64068492437	0.0
3.30739536934	3.77356111707e-20	3.43587902561	0.0
3.21681816905	3.20752694951e-20	3.32602927688	0.0
3.40832785908	2.72639790708e-20	3.4794143196	0.0
3.14230683064	2.31743822102e-20	3.20273032208	0.0
3.47627981782	1.96982248787e-20	3.54728171265	0.0
3.37969563438	1.67434911469e-20	3.44004724499	0.0
3.50229164493	1.42319674748e-20	3.55359051395	0.0
3.37136147316	1.20971723536e-20	3.43374711064	0.0
3.57079641557	1.02825965006e-20	3.65740226282	0.0
3.53371362041	8.74020702549e-21	3.61550132282	0.0
3.34598362952	7.42917597166e-21	3.43180446477	0.0
3.32881077584	6.31479957591e-21	3.38560099611	0.0
3.26383415451	5.36757963953e-21	3.28452838174	0.0
3.54854904797	4.5624426936e-21	3.52970196386	0.0
3.39561172667	3.87807628956e-21	3.3707697276	0.0
3.44297348588	3.29636484612e-21	3.9543568041	0.0
3.82353295895	2.80191011921e-21	3.82013632792	0.0
3.56146235337	2.38162360133e-21	3.55857521699	0.0
3.71013764494	2.02438006113e-21	3.77430744679	0.0
3.7307939692	1.72072305196e-21	3.79976772505	0.0
3.61078381204	1.46261459416e-21	3.6474310576	0.0
3.37603437483	1.24322240504e-21	3.40718453355	0.0
3.55464389308	1.05673904428e-21	3.58112152799	0.0
3.31313050519	8.98228187641e-22	3.32105233507	0.0
3.54033813159	7.63493959495e-22	3.54707168698	0.0
3.48136824454	6.48969865571e-22	3.47935273658	0.0
3.49791661631	5.51624385735e-22	3.50475507913	0.0
3.5151348423	4.68880727875e-22	3.52094753569	0.0
3.37992612722	3.98548618693e-22	3.40268789439	0.0
3.2406373672	3.38766325889e-22	3.25998486929	0.0
3.92990893814	2.87951377006e-22	3.97368843529	0.0
3.86427697903	2.44758670455e-22	3.9513804451	0.0
3.85543013986	2.08044869887e-22	3.95541330001	0.0
3.76260966596	1.76838139404e-22	3.84759535208	0.0
3.5217259824	1.50312418493e-22	3.60866871407	0.0
3.49762350128	1.27765555719e-22	3.54693182729	0.0
3.82756612411	1.08600722361e-22	3.86947820121	0.0
3.75719147748	9.23106140072e-23	3.7693860327	0.0
3.57908401197	7.84640219061e-23	3.5894493839	0.0
3.61226955943	6.66944186202e-23	3.61231015405	0.0
3.6261252647	5.66902558272e-23	3.62615977013	0.0
3.55273716788	4.81867174531e-23	3.57517272096	0.0
3.53151950851	4.09587098351e-23	3.55058972862	0.0
3.57697738964	3.48149033599e-23	3.62124492101	0.0
3.55360978219	2.95926678559e-23	3.59123718385	0.0
3.41143725049	2.51537676775e-23	3.4434205419	0.0
3.26665173817	2.13807025259e-23	3.69571333257	0.0
3.93285942056	1.8173597147e-23	3.6809188728	0.0
3.67114255226	1.54475575749e-23	3.44207435736	0.0
3.54349774225	1.31304239387e-23	3.34878977658	0.0
3.5696298696	1.11608603479e-23	3.65871054579	0.0
3.75213603784	9.48673129571e-24	3.48597335133	0.0
3.66930785803	8.06372160135e-24	3.45397848872	0.0
3.60882237519	6.85416336115e-24	3.68707811573	0.0
3.79950019717	5.82603885698e-24	3.64750976223	0.0
3.45193615351	4.95213302843e-24	3.33333290218	0.0
3.66668790605	4.20931307417e-24	3.5743930747	0.0
3.49017179225	3.57791611304e-24	3.4117211856	0.0
3.62277025942	3.04122869609e-24	3.55608724376	0.0
3.70732095857	2.58504439167e-24	3.66559197237	0.0
3.57779765953	2.19728773292e-24	3.54232802125	0.0
3.60782422863	1.86769457298e-24	3.60403299972	0.0
3.75063360497	1.58754038704e-24	3.7474110604	0.0
3.67464222996	1.34940932898e-24	3.67916580836	0.0
3.96999765465	1.14699792963e-24	3.9935299465	0.0
3.86103898312	9.74948240188e-25	3.88104143119	0.0
3.74213143449	8.2870600416e-25	3.7518279868	0.0
3.72136900214	7.04400103536e-25	3.71674066011	0.0
3.80868807158	5.98740088006e-25	3.80475398085	0.0
3.58624311732	5.08929074805e-25	3.55118475325	0.0
3.68691064268	4.32589713584e-25	3.65711103322	0.0
3.44838925421	3.67701256547e-25	3.43768820049	0.0
3.69511486805	3.12546068065e-25	3.73162995758	0.0
3.79700397548	2.65664157855e-25	3.84230606979	0.0
3.69600162484	2.25814534177e-25	3.75580605254	0.0
3.83276797106	1.9194235405e-25	3.85398030932	0.0
3.65407838122	1.63151000943e-25	3.84820913799	0.0
3.76672111345	1.38678350801e-25	3.601355012	0.0
3.76409801419	1.17876598181e-25	3.61501584208	0.0
3.66726796287	1.00195108454e-25	3.56133854551	0.0
3.72152556725	8.51658421858e-26	3.67364936241	0.0
3.72674469641	7.23909658579e-26	3.71109205403	0.0
3.71644734863	6.15323209792e-26	3.75540111277	0.0
3.73903792615	5.23024728324e-26	3.78811351594	0.0
3.7377140222	4.44571019075e-26	3.75456019419	0.0
3.64568513598	3.77885366214e-26	3.66000438217	0.0
3.3725380749	3.21202561282e-26	3.38470943416	0.0
3.59221877838	2.73022177089e-26	3.61300416634	0.0
3.60703343942	2.32068850526e-26	3.64809457459	0.0
3.56120516392	1.97258522947e-26	3.64112774158	0.0
3.46219434446	1.67669744505e-26	3.53012853547	0.0
3.55650844412	1.42519282829e-26	3.59696678108	0.0
3.49956946867	1.21141390405e-26	3.53395905509	0.0
3.51666801024	1.02970181844e-26	3.52283388373	0.0
3.4865170272	8.75246545675e-27	3.47103513556	0.0
3.32350953875	7.43959563824e-27	3.31034993085	0.0
3.99582702618	6.3236562925e-27	3.93585619621	0.0
3.72359794999	5.37510784863e-27	3.67262274451	0.0
4.00502735751	4.56884167133e-27	3.97044811098	0.0
3.83432600382	3.88351542063e-27	3.82285250885	0.0
3.96246590463	3.30098810754e-27	3.96800232089	0.0
4.16401810817	2.80583989141e-27	4.15142140788	0.0
3.95477528404	2.3849639077e-27	3.98182807899	0.0
3.73826056046	2.02721932154e-27	3.76125543617	0.0
4.05632441725	1.72313642331e-27	4.05634110736	0.0
4.13856726229	1.46466595981e-27	4.13858144888	0.0
3.87851352205	1.24496606584e-27	3.86212870115	0.0
3.75168688834	1.05822115597e-27	3.95006997471	0.0
3.72066573566	8.99487982571e-28	3.62342541879	0.0
3.98217025397	7.64564785185e-28	3.89951598463	0.0
3.68460927909	6.49880067408e-28	3.92715095524	0.0
3.77678632144	5.52398057296e-28	3.66767773389	0.0
3.82100881679	4.69538348702e-28	3.72826651737	0.0
3.73007883383	3.99107596397e-28	3.65124787933	0.0
3.73766209055	3.39241456937e-28	3.67065577922	0.0
3.74929151402	2.88355238397e-28	3.72650204414	0.0
3.79252331324	2.45101952637e-28	3.78631803616	0.0
3.80077688943	2.08336659742e-28	3.83234062135	0.0
3.6894552009	1.7708616078e-28	3.7354008249	0.0
3.82772555596	1.50523236663e-28	3.89685275528	0.0
4.01172522703	1.27944751164e-28	4.07048334645	0.0
4.06417382944	1.08753038489e-28	4.11411823094	0.0
3.9335213123	9.24400827158e-29	3.99635590708	0.0
4.05928190199	7.85740703085e-29	4.09777904117	0.0
3.94888208774	6.67879597622e-29	3.93825748465	0.0
3.77772897107	5.67697657979e-29	3.75450100687	0.0
4.03668401781	4.82543009282e-29	4.00766368204	0.0
3.80074594298	4.1016155789e-29	3.76001063463	0.0
3.86353436279	3.48637324206e-29	3.85767754666	0.0
3.89962505735	2.96341725575e-29	3.89464676363	0.0
3.75184366468	2.51890466739e-29	3.74761211502	0.0
3.70494286058	2.14106896728e-29	3.73499011374	0.0
4.11989987256	1.81990862219e-29	4.20610869031	0.0
3.92913784124	1.54692232886e-29	4.00241533632	0.0
3.8064724482	1.31488397953e-29	3.86875831902	0.0
3.99217241109	1.1176513826e-29	4.02901602193	0.0
3.75136686993	9.50003675211e-30	3.79895759007	0.0
4.00149054555	8.0750312393e-30	4.02427246841	0.0
3.84919368572	6.8637765534e-30	3.84989470674	0.0
3.86186484075	5.83421007039e-30	3.86246070861	0.0
3.80157178258	4.95907855983e-30	3.80207827026	0.0
4.07342538309	4.21521677586e-30	4.07385589762	0.0
3.91554441533	3.58293425948e-30	3.92555147693	0.0
4.03779625353	3.04549412056e-30	4.07468559591	0.0
4.01395464979	2.58867000247e-30	4.03699876461	0.0
3.81939032636	2.2003695021e-30	3.83897782396	0.0
3.99695818953	1.87031407679e-30	4.02194618928	0.0
4.04617443652	1.58976696527e-30	4.04246192956	0.0
3.8328903257	1.35130192048e-30	4.02655572212	0.0
3.93368574888	1.14860663241e-30	3.8889205276	0.0
3.97195411023	9.76315637546e-31	3.92053513547	0.0
3.94896485488	8.29868291914e-31	3.91719214011	0.0
3.80398318734	7.05388048127e-31	3.77697637978	0.0
3.86067056724	5.99579840908e-31	3.81044152612	0.0
3.81441000642	5.09642864772e-31	3.7642105324	0.0
3.99699881641	4.33196435056e-31	3.9466277297	0.0
3.91292566143	3.68216969798e-31	3.87011023773	0.0
3.9692834923	3.12984424328e-31	3.93289038215	0.0
3.85022103113	2.66036760679e-31	3.8192868875	0.0
4.03939908812	2.26131246577e-31	4.02907821629	0.0
4.21499393185	1.9221155959e-31	4.20622119079	0.0
3.97141598939	1.63379825652e-31	3.96395915948	0.0
3.97140963156	1.38872851804e-31	3.96507132615	0.0
3.87655132646	1.18041924033e-31	4.11115589626	0.0
3.89552278639	1.00335635428e-31	3.79470959128	0.0
3.87488062994	8.52852901142e-32	3.96678919511	0.0
4.31343624136	7.2492496597e-32	3.91421108495	0.0
4.31800629007	6.16186221075e-32	3.97866490712	0.0
3.67030534656	5.23758287914e-32	4.07397374073	0.0
4.20155291211	4.45194544727e-32	4.01528280347	0.0
3.5713199753	3.78415363018e-32	4.00010520157	0.0
3.83296698658	3.21653058565e-32	3.82420910622	0.0
3.88535526175	2.7340509978e-32	3.86931745627	0.0
3.85980263141	2.32394334813e-32	3.81563621407	0.0
3.94201796565	1.97535184591e-32	3.8909829246	0.0
3.63704641495	1.67904906903e-32	3.59366663007	0.0
3.87455538891	1.42719170867e-32	4.13002718793	0.0
3.90564026437	1.21311295237e-32	3.51052310974	0.0
3.99685093478	1.03114600952e-32	3.67402167469	0.0
4.21083345849	8.76474108088e-33	3.96896899397	0.0
4.0127818241	7.45002991875e-33	3.80719702926	0.0
3.75344572574	6.33252543094e-33	3.94763222347	0.0
4.52415976196	5.38264661629e-33	4.26316536022	0.0
4.27534533361	4.57524962385e-33	4.09087483438	0.0
4.13496789578	3.88896218027e-33	3.95813099695	0.0
4.07179062507	3.30561785323e-33	3.93333176986	0.0
3.99708364377	2.80977517525e-33	3.89130609712	0.0
3.9016201009	2.38830889896e-33	3.8327133114	0.0
3.86680340734	2.03006256412e-33	3.84014140854	0.0
4.00339597574	1.7255531795e-33	4.00939779994	0.0
4.08162875919	1.46672020257e-33	4.13005427868	0.0
4.16724934699	1.24671217219e-33	4.20841103856	0.0
4.12111004887	1.05970534636e-33	4.18073357623	0.0
3.92029914004	9.00749544406e-34	3.98912503389	0.0
3.91236596837	7.65637112745e-34	3.97086797814	0.0
3.81126335905	6.50791545833e-34	3.86099006735	0.0
3.85244846354	5.53172813958e-34	3.88654450415	0.0
4.15554886987	4.70196891864e-34	4.18453050439	0.0
4.24748050831	3.99667358085e-34	4.25809011395	0.0
3.97081467764	3.39717254372e-34	3.97983284243	0.0
4.03010777389	2.88759666216e-34	4.025178689	0.0
4.11048236849	2.45445716284e-34	4.10629264634	0.0
4.20774328186	2.08628858841e-34	4.21396055596	0.0
3.93621144339	1.77334530015e-34	3.92651155746	0.0
4.34757911546	1.50734350513e-34	4.31888932694	0.0
4.05170808463	1.28124197936e-34	4.01247735453	0.0
4.0687887522	1.08905568245e-34	4.02242519661	0.0
4.09941728469	9.25697330087e-35	4.07308881031	0.0
3.88636000171	7.86842730574e-35	3.86398079848	0.0
4.18972080567	6.68816320988e-35	4.19465293709	0.0
4.02201634655	5.68493872839e-35	4.0454067275	0.0
3.94452802597	4.83219791914e-35	3.97514075042	0.0
3.90244844117	4.10736823127e-35	3.94960770384	0.0
4.00833662054	3.49126299658e-35	4.0345968849	0.0
4.15111746118	2.96757354709e-35	4.1635182681	0.0
4.04127831788	2.52243751503e-35	4.05181900376	0.0
3.82809525431	2.14407188777e-35	3.83705483731	0.0
3.80834668781	1.82246110461e-35	4.11016863464	0.0
4.10159807587	1.54909193892e-35	3.94318510288	0.0
4.0286984367	1.31672814808e-35	3.89404740966	0.0
3.99640173569	1.11921892587e-35	3.88194836271	0.0
4.43792505671	9.51336086986e-36	4.34063968967	0.0
4.39239078451	8.08635673938e-36	4.28672953785	0.0
4.32426841464	6.87340322848e-36	4.24581666743	0.0
4.31854634018	5.8423927442e-36	4.25186235506	0.0
4.33900627631	4.96603383257e-36	4.25448147699	0.0
4.06005450276	4.22112875769e-36	4.00437795238	0.0
4.05177118929	3.58795944403e-36	3.99193102017	0.0
3.92876291019	3.04976552743e-36	3.87789876644	0.0
4.0972073139	2.59230069832e-36	4.06449722005	0.0
4.0632290114	2.20345559357e-36	4.01220131984	0.0
3.79993815649	1.87293725453e-36	3.75656461867	0.0
3.79208660618	1.59199666635e-36	3.80206403013	0.0
3.91355651977	1.3531971664e-36	3.92203733013	0.0
3.93559342997	1.15021759144e-36	3.9671649343	0.0
3.9019487778	9.77684952724e-37	3.92878455648	0.0
4.09462784192	8.31032209815e-37	4.10247726571	0.0
4.11208635076	7.06377378343e-37	4.09446402693	0.0
4.01496373241	6.00420771592e-37	4.02077237053	0.0
4.17600022758	5.10357655853e-37	4.16653604064	0.0
4.00790560078	4.33804007475e-37	3.99986104188	0.0
4.54204696596	3.68733406354e-37	4.5352090909	0.0
3.86073992107	3.13423395401e-37	3.85492772726	0.0
4.34616438515	2.66409886091e-37	4.34122402042	0.0
4.37756844279	2.26448403177e-37	4.3986776037	0.0
4.19472562153	1.924811427e-37	4.22233764188	0.0
3.98287837773	1.63608971295e-37	4.02373866168	0.0
4.21372579278	1.39067625601e-37	4.2318914507	0.0
4.14401661811	1.18207481761e-37	4.15153700911	0.0
3.88641882473	1.00476359497e-37	4.06367050575	0.0
4.04187170054	8.54049055722e-38	4.00793170453	0.0
4.18695588077	7.25941697364e-38	4.17344086243	0.0
4.45162872704	6.17050442759e-38	4.44014096146	0.0
4.39479617834	5.24492876346e-38	4.39724981279	0.0
4.11998911592	4.45818944894e-38	4.50648706953	0.0
4.14908212162	3.7894610316e-38	4.14111786819	0.0
4.41562632122	3.22104187686e-38	4.40885670581	0.0
4.12670393636	2.73788559533e-38	4.10658739544	0.0
4.3737983054	2.32720275603e-38	4.33902373624	0.0
4.23274139229	1.97812234262e-38	4.19267254253	0.0
4.10864823749	1.68140399123e-38	4.08149266187	0.0
4.74986781804	1.42919339255e-38	4.72678557876	0.0
4.56887628475	1.21481438366e-38	4.57051592694	0.0
4.47018968793	1.03259222611e-38	4.49552807138	0.0
4.45052945622	8.77703392198e-39	4.48562683677	0.0
4.32557544481	7.46047883368e-39	4.37900062728	0.0
4.22710387372	6.34140700863e-39	4.27251527882	0.0
4.19851205813	5.39019595733e-39	4.23711175246	0.0
3.93458978035	4.58166656373e-39	3.96739952053	0.0
4.20089380229	3.89441657917e-39	4.21165223166	0.0
4.22095674858	3.3102540923e-39	4.2571929559	0.0
4.11499574587	2.81371597845e-39	4.16776246	0.0
3.88978574499	2.39165858168e-39	3.934637452	0.0
4.18634813681	2.03290979443e-39	4.24139574649	0.0
4.0558149748	1.72797332527e-39	4.1123587579	0.0
4.50176260442	1.46877732648e-39	4.54982482005	0.0
4.31601712343	1.24846072751e-39	4.35687000672	0.0
4.18176513317	1.06119161838e-39	4.21649008396	0.0
4.16302826866	9.02012875623e-40	4.18453753071	0.0
4.14117340369	7.66710944279e-40	4.15945627644	0.0
4.14364921709	6.51704302637e-40	4.14671662244	0.0
4.15994542525	5.53948657242e-40	4.17094539863	0.0
4.00780879567	4.70856358656e-40	4.02641083548	0.0
4.62991562227	4.00227904857e-40	4.66925193584	0.0
4.5677927412	3.40193719129e-40	4.6194698903	0.0
4.30939074863	2.89164661259e-40	4.33624564862	0.0
4.38892020174	2.4578996207e-40	4.42719235748	0.0
4.16801651057	2.0892146776e-40	4.18372344529	0.0
4.16815754666	1.77583247596e-40	4.19031609629	0.0
4.20038708605	1.50945760457e-40	4.2326392649	0.0
4.12130347961	1.28303896388e-40	4.15996220828	0.0
4.36658378835	1.0905831193e-40	4.3674631214	0.0
4.17721086181	9.26995651404e-41	4.19586655036	0.0
4.03844604459	7.87946303693e-41	4.5421201919	0.0
4.1956850193	6.69754358139e-41	4.22071059774	0.0
4.35218917814	5.69291204418e-41	4.37346091981	0.0
4.35739769983	4.83897523755e-41	4.37547868025	0.0
4.25203166963	4.11312895192e-41	4.24547075799	0.0
3.9319906438	3.49615960913e-41	3.92641386891	0.0
4.87230394938	2.97173566776e-41	4.85270823536	0.0
4.7022918218	2.5259753176e-41	4.70640707469	0.0
4.6118766712	2.14707901996e-41	4.61537463616	0.0
4.27965257976	1.82501716697e-41	4.28262584997	0.0
4.60174339028	1.55126459192e-41	4.66452308855	0.0
4.48724900481	1.31857490313e-41	4.5521270908	0.0
4.46347168776	1.12078866766e-41	4.53665445068	0.0
4.28787545363	9.52670367513e-42	4.33979070797	0.0
4.329649289	8.09769812386e-42	4.35920374129	0.0
4.3280203848	6.88304340528e-42	4.34388711939	0.0
4.04311878181	5.85058689449e-42	4.05660550622	0.0
4.15480046208	4.97299886032e-42	4.1520433957	0.0
4.10469394405	4.22704903127e-42	4.10235043763	0.0
4.0824478669	3.59299167658e-42	4.10328119469	0.0
4.3443754105	3.05404292509e-42	4.34075947756	0.0
4.0684299392	2.59593648633e-42	4.07258160467	0.0
4.64515451875	2.20654601338e-42	4.68033647628	0.0
4.35599984139	1.87556411137e-42	4.3859045053	0.0
4.42575014443	1.59422949467e-42	4.47795245242	0.0
4.4491076152	1.35509507047e-42	4.52096837669	0.0
4.32560580059	1.1518308099e-42	4.38668744785	0.0
4.28238829851	9.79056188412e-43	4.34595430192	0.0
4.22573388054	8.3219776015e-43	4.27976498344	0.0
4.47599601361	7.07368096128e-43	4.52192245108	0.0
4.49381894298	6.01262881708e-43	4.53285641482	0.0
4.38438716351	5.11073449452e-43	4.39585205066	0.0
4.36754068318	4.34412432034e-43	4.35355207451	0.0
4.36574352817	3.69250567229e-43	4.3538532108	0.0
4.28929136426	3.13862982145e-43	4.25604821988	0.0
4.102010957	2.66783534823e-43	4.092759005	0.0
4.09115503087	2.267660046e-43	4.08329087167	0.0
4.21426234742	1.9275110391e-43	4.21714639095	0.0
4.28709623012	1.63838438323e-43	4.31774659651	0.0
4.44415177894	1.39262672575e-43	4.50097843589	0.0
4.17418953866	1.18373271689e-43	4.23774837117	0.0
4.56667547793	1.00617280935e-43	4.6990554371	0.0
4.51433532775	8.5524688795e-44	4.65119141502	0.0
4.45498256422	7.26959854757e-44	4.59507168208	0.0
4.37501445107	6.17915876544e-44	4.49409020125	0.0
4.33610428954	5.25228495062e-44	4.43731867719	0.0
4.29991582071	4.46444220803e-44	4.4105171372	0.0
4.22974886966	3.79477587682e-44	4.30165151091	0.0
4.20647510512	3.2255594953e-44	4.24314480755	0.0
4.08548750753	2.74172557101e-44	4.11665675459	0.0
4.09131356153	2.33046673535e-44	4.11780742153	0.0
4.00144830731	1.98089672505e-44	4.54779986831	0.0
4.2409040371	1.68376221629e-44	4.26931881878	0.0
4.1870771865	1.43119788385e-44	4.21122975093	0.0
4.26805030212	1.21651820127e-44	4.26231943768	0.0
4.66346294878	1.03404047108e-44	4.6777698657	0.0
3.96394350646	8.78934400419e-45	3.97610438585	0.0
4.07096680913	7.47094240356e-45	4.08130355661	0.0
4.15247730503	6.35030104303e-45	4.16126354038	0.0
3.97875845987	5.39775588657e-45	4.00350186572	0.0
4.29250328054	4.58809250359e-45	4.2798107833	0.0
4.64358464553	3.89987862805e-45	4.61402325199	0.0
4.64570079831	3.31489683384e-45	4.6205736138	0.0
3.94884567856	2.81766230877e-45	4.64920194476	0.0
4.4820818638	2.39501296245e-45	4.50356823982	0.0
4.47902236843	2.03576101808e-45	4.49728578805	0.0
4.45824358998	1.73039686537e-45	4.44965362344	0.0
4.42221453972	1.47083733557e-45	4.41491306816	0.0
4.30500108354	1.25021173523e-45	4.27779026637	0.0
4.29248318013	1.06267997495e-45	4.26935398554	0.0
4.21966226452	9.03277978704e-46	4.20000244912	0.0
4.35636755704	7.67786281898e-46	4.33965671395	0.0
4.33770205614	6.52618339614e-46	4.34700856665	0.0
4.28020744793	5.54725588672e-46	4.31184440987	0.0
4.23259937782	4.71516750371e-46	4.28235322036	0.0
4.20118540801	4.00789237815e-46	4.24347617417	0.0
4.221409572	3.40670852143e-46	4.25735672324	0.0
4.21857835203	2.89570224321e-46	4.24913343058	0.0
4.2095992679	2.46134690673e-46	4.23557108467	0.0
4.13644828946	2.09214487072e-46	4.13705168326	0.0
4.1250514342	1.77832314011e-46	4.12556431893	0.0
4.02297219502	1.5115746691e-46	4.48267790343	0.0
4.24470343717	1.28483846873e-46	3.81027621792	0.0
4.32050078479	1.09211269842e-46	3.95123764842	0.0
4.31715102124	9.28295793659e-47	3.98025144982	0.0
4.48880431415	7.8905142461e-47	4.18726882759	0.0
4.45330887865	6.70693710919e-47	4.19700371507	0.0
4.28823450996	5.70089654281e-47	4.10906142577	0.0
4.53859006151	4.84576206139e-47	4.40315314237	0.0
4.74244834779	4.11889775218e-47	4.62732696652	0.0
4.71534664337	3.50106308935e-47	4.64283663773	0.0
4.5403381732	2.97590362595e-47	4.52128815051	0.0
4.48858490703	2.52951808206e-47	4.49756428613	0.0
4.43111580713	2.15009036975e-47	4.43874827937	0.0
4.29493073774	1.82757681429e-47	4.28109209677	0.0
4.3533222075	1.55344029214e-47	4.3696646059	0.0
4.26627007238	1.32042424832e-47	4.3019282724	0.0
4.3637971919	1.12236061107e-47	4.3796465123	0.0
4.132597923	9.54006519413e-48	4.14606984534	0.0
4.33057844028	8.10905541501e-48	4.37348612065	0.0
4.49193565427	6.89269710276e-48	4.5584421448	0.0
4.353804422	5.85879253734e-48	4.41033493895	0.0
4.42270916758	4.97997365674e-48	4.49852839195	0.0
4.39832157048	4.23297760823e-48	4.43910054904	0.0
4.35954884172	3.598030967e-48	4.3942109735	0.0
4.24534684618	3.05832632195e-48	4.29639887142	0.0
4.31757943462	2.59957737365e-48	4.36097365607	0.0
4.16756072797	2.20964076761e-48	4.20444581621	0.0
4.1497480216	1.87819465247e-48	4.1811003466	0.0
4.25674879182	1.5964654546e-48	4.28339826807	0.0
4.14611719811	1.35699563641e-48	4.14921811496	0.0
4.19526161285	1.15344629095e-48	4.19789739217	0.0
4.36538826054	9.80429347304e-49	4.31052753799	0.0
4.3641429596	8.33364945208e-49	4.34264838152	0.0
4.36106999471	7.08360203427e-49	4.3195300148	0.0
4.32772104603	6.02106172913e-49	4.2924120631	0.0
4.3429584783	5.11790246976e-49	4.33755308686	0.0
4.37164844916	4.35021709929e-49	4.39134435724	0.0
4.86594958584	3.6976845344e-49	4.88269110771	0.0
4.13605714797	3.14303185424e-49	4.15028744155	0.0
4.71298774125	2.6715770761e-49	4.77026610082	0.0
4.68114649589	2.27084051469e-49	4.72983310152	0.0
4.61595453661	1.93021443749e-49	4.65733815139	0.0
4.54238826622	1.64068227186e-49	4.60231741519	0.0
4.45850453481	1.39457993108e-49	4.46348473386	0.0
4.37662622537	1.18539294142e-49	4.38085939456	0.0
4.34303690217	1.00758400021e-49	4.34663509599	0.0
4.34336446571	8.56446400177e-50	4.34642293045	0.0
4.2716667096	7.2797944015e-50	4.27426640463	0.0
4.09548126257	6.18782524128e-50	4.09769100334	0.0
4.40309328164	5.25965145508e-50	4.4049715613	0.0
4.30971314091	4.47070373682e-50	4.31130967862	0.0
4.27417539208	3.8000981763e-50	4.2990293423	0.0
4.36518562581	3.23008344985e-50	4.3863114835	0.0
4.35472262	2.74557093238e-50	4.39746093896	0.0
4.15966472439	2.33373529252e-50	4.6541427929	0.0
4.58042737422	1.98367499864e-50	3.95602137396	0.0
4.53899481328	1.68612374885e-50	4.00824971307	0.0
4.47225288968	1.43320518652e-50	3.99994344076	0.0
4.56235937184	1.21822440854e-50	4.1462627938	0.0
4.72882648411	1.03549074726e-50	4.37514439278	0.0
4.75102139435	8.80167135171e-51	4.45039161672	0.0
4.65618046266	7.48142064895e-51	4.44816917301	0.0
4.61527944144	6.35920755161e-51	4.43846984525	0.0
4.50741203997	5.40532641887e-51	4.37960174915	0.0
4.48827116302	4.59452745604e-51	4.40490052849	0.0
4.40192785935	3.90534833763e-51	4.37801460965	0.0
4.37133313889	3.31954608699e-51	4.40138243333	0.0
4.3098384555	2.82161417394e-51	4.35823440529	0.0
4.2866934604	2.39837204785e-51	4.32783001772	0.0
4.26421958368	2.03861624067e-51	4.34691874527	0.0
4.28427942237	1.73282380457e-51	4.37994650881	0.0
4.25877399002	1.47290023388e-51	4.3875630505	0.0
4.24167715727	1.2519651988e-51	4.37506013812	0.0
4.30133221341	1.06417041898e-51	4.3907109668	0.0
4.27841803651	9.04544856134e-52	4.37832404055	0.0
4.19564162398	7.68863127714e-52	4.28056172742	0.0
4.11653584259	6.53533658557e-52	4.18871793051	0.0
4.27965488599	5.55503609773e-52	4.28318748148	0.0
4.34359526027	4.72178068307e-52	4.32092928981	0.0
4.41886533236	4.01351358061e-52	4.3733290396	0.0
4.37282922073	3.41148654352e-52	4.32310919888	0.0
4.30095265399	2.89976356199e-52	4.52985569302	0.0
4.61483140426	2.46479902769e-52	4.57416726236	0.0
4.50503675807	2.09507917354e-52	4.45968649553	0.0
4.18749492307	1.78081729751e-52	4.14231361326	0.0
4.53033848032	1.51369470288e-52	4.50438267206	0.0
4.70333367312	1.28664049745e-52	4.70562969223	0.0
4.57898010153	1.09364442283e-52	4.61445939928	0.0
4.27937281659	9.29597759408e-53	4.32501980889	0.0
4.46072009019	7.90158095497e-53	4.49952003364	0.0
4.27803739294	6.71634381172e-53	4.31101734487	0.0
4.48383269543	5.70889223996e-53	4.52816374903	0.0
4.50778817784	4.85255840397e-53	4.53280538455	0.0
4.2952136415	4.12467464337e-53	4.33430879375	0.0
4.17584121016	3.50597344687e-53	4.19935154115	0.0
4.72705881874	2.98007742984e-53	4.76807106062	0.0
4.44706748129	2.53306581536e-53	4.49843048247	0.0
4.80792581986	2.15310594306e-53	4.87061989792	0.0
4.57730540221	1.8301400516e-53	4.63985137715	0.0
4.66485763291	1.55561904386e-53	4.71802171161	0.0
4.64781334819	1.32227618728e-53	4.71925990586	0.0
4.56049549977	1.12393475919e-53	4.60635058223	0.0
4.63856887186	9.5534454531e-54	4.67754569196	0.0
4.52727385685	8.12042863513e-54	4.56040415393	0.0
4.55795093067	6.90236433986e-54	4.57271983126	0.0
4.37199559595	5.86700968888e-54	4.38454916145	0.0
4.33425446701	4.98695823555e-54	4.33892443253	0.0
4.59037326019	4.23891450022e-54	4.59434273088	0.0
4.33871198989	3.60307732519e-54	4.35768942279	0.0
4.29551898766	3.06261572641e-54	4.31164980563	0.0
4.57772312914	2.60322336745e-54	4.59143432442	0.0
4.39427657617	2.21273986233e-54	4.42456857054	0.0
4.22950840064	1.88082888298e-54	4.6984878401	0.0
4.25831079032	1.59870455053e-54	4.44139400268	0.0
4.31994532852	1.35889886795e-54	4.44962601619	0.0
4.38456879215	1.15506403776e-54	4.45520763984	0.0
4.46608736271	9.81804432096e-55	4.52613038325	0.0
4.31088358833	8.34533767282e-55	4.82148205759	0.0
4.0648773511	7.0935370219e-55	4.09825974895	0.0
4.46814471375	6.02950646861e-55	4.46914140151	0.0
4.29514552017	5.12508049832e-55	4.28695229542	0.0
4.61915660123	4.35631842357e-55	4.63524671517	0.0
4.52493560627	3.70287066004e-55	4.56078451776	0.0
4.53346770855	3.14744006103e-55	4.56393928332	0.0
4.5414810632	2.67532405188e-55	4.56738190176	0.0
4.38708816654	2.27402544409e-55	4.39916370454	0.0
4.46809341904	1.93292162748e-55	4.4715143997	0.0
4.50202079412	1.64298338336e-55	4.51773119837	0.0
4.2527706062	1.39653587585e-55	4.28251110101	0.0
4.39252723251	1.18705549448e-55	4.42777680973	0.0
4.24767265268	1.0089971703e-55	4.27763479332	0.0
4.37834752345	8.57647594759e-56	4.39010416855	0.0
4.41980875877	7.29000455545e-56	4.41710711867	0.0
4.22438301129	6.19650387214e-56	4.67350992263	0.0
4.52270807687	5.26702829131e-56	4.59380511242	0.0
4.37546676997	4.47697404762e-56	4.43589925018	0.0
4.66316271962	3.80542794047e-56	4.70355339798	0.0
4.51588704386	3.2346137494e-56	4.53117778487	0.0
4.38477086148	2.74942168699e-56	4.38765193811	0.0
4.64057266223	2.33700843394e-56	4.59319335392	0.0
4.47918500057	1.98645716885e-56	4.41910895007	0.0
4.7303002219	1.68848859352e-56	4.67923557897	0.0
4.48191068615	1.4352153045e-56	4.69568861329	0.0
4.71478192983	1.21993300882e-56	4.60231686776	0.0
4.56756404034	1.0369430575e-56	4.5150456145	0.0
4.47418256151	8.81401598874e-57	4.42954189955	0.0
4.5015239783	7.49191359043e-57	4.49781808235	0.0
4.13681284697	6.36812655186e-57	4.15754879428	0.0
4.10206213094	5.41290756908e-57	4.1270098263	0.0
4.64144178792	4.60097143372e-57	4.63579409696	0.0
4.58479339774	3.91082571866e-57	4.57999286042	0.0
4.47507290435	3.32420186086e-57	4.49025906484	0.0
4.68500933703	2.82557158173e-57	4.7133771764	0.0
4.72658913097	2.40173584447e-57	4.743996108	0.0
4.2607712891	2.0414754678e-57	4.27556721957	0.0
4.77058866839	1.73525414763e-57	4.77252694011	0.0
4.56676938718	1.47496602549e-57	4.55927818566	0.0
4.74293850937	1.25372112166e-57	4.7473357947	0.0
4.49476286826	1.06566295341e-57	4.71297516046	0.0
4.75595800323	9.05813510402e-58	4.63373793673	0.0
4.56676950805	7.69941483842e-58	4.45317494772	0.0
4.32671022679	6.54450261266e-58	4.67511099547	0.0
4.57244313514	5.56282722076e-58	4.59242963964	0.0
4.46850373666	4.72840313764e-58	4.48549226548	0.0
4.56948620368	4.019142667e-58	4.59769891796	0.0
4.61131724848	3.41627126695e-58	4.63529805561	0.0
4.46394486902	2.90383057691e-58	4.49440865153	0.0
4.49389203883	2.46825599037e-58	4.4938774058	0.0
4.50604814639	2.09801759181e-58	4.50603570832	0.0
4.28325471669	1.78331495304e-58	4.72017530114	0.0
4.39964545538	1.51581771009e-58	4.51806830343	0.0
4.37751029781	1.28844505357e-58	4.47816971866	0.0
4.5830355167	1.09517829554e-58	4.67622568605	0.0
4.42851337481	9.30901551207e-59	4.49803532447	0.0
4.57326649856	7.91266318526e-59	4.64680712238	0.0
4.51730729109	6.72576370747e-59	4.58740755347	0.0
4.50792764744	5.71689915135e-59	4.56751287046	0.0
4.54193618243	4.85936427865e-59	4.57567415337	0.0
4.88293853245	4.13045963685e-59	4.87574588574	0.0
4.59141736877	3.51089069132e-59	4.58530361907	0.0
4.5552216148	2.98425708762e-59	4.51377399136	0.0
4.2926937029	2.53661852448e-59	4.24128032567	0.0
4.44815440956	2.15612574581e-59	4.39857535683	0.0
4.34186741592	1.83270688394e-59	4.32012289993	0.0
4.11513696656	1.55780085135e-59	4.56837597578	0.0
5.04921916301	1.32413072364e-59	4.68554341119	0.0
4.84368936789	1.1255111151e-59	4.57469974825	0.0
4.85274110682	9.56684447833e-60	4.63700528353	0.0
5.08103323329	8.13181780658e-60	4.86350766591	0.0
4.78294208103	6.91204513559e-60	4.58176240725	0.0
5.31256973038	5.87523836525e-60	5.11222420858	0.0
4.95517570318	4.99395261047e-60	4.76918588706	0.0
4.9247910589	4.2448597189e-60	4.77550084743	0.0
4.92077299411	3.60813076106e-60	4.80828220837	0.0
4.89236276127	3.0669111469e-60	4.83769015395	0.0
4.72944130374	2.60687447487e-60	4.71722556491	0.0
4.63552477988	2.21584330364e-60	4.62514140188	0.0
4.54575396636	1.88346680809e-60	4.55307630582	0.0
4.28304256748	1.60094678688e-60	4.27314533693	0.0
4.45947180528	1.36080476885e-60	4.46129522961	0.0
4.45943786896	1.15668405352e-60	4.46098777964	0.0
4.45912189624	9.83181445491e-61	4.46043932031	0.0
4.25247650328	8.35704228668e-61	4.25359631375	0.0
4.44074985845	7.10348594367e-61	4.44170169734	0.0
4.13740248989	6.03796305212e-61	4.13821155295	0.0
4.31727857395	5.1322685943e-61	4.31796627755	0.0
4.56245464352	4.36242830516e-61	4.56303919158	0.0
4.45129459562	3.70806405938e-61	4.45179146147	0.0
4.4760281326	3.15185445048e-61	4.45257365043	0.0
4.80425137464	2.67907628291e-61	4.78431506479	0.0
4.60130925764	2.27721484047e-61	4.58436339426	0.0
4.5926311552	1.9356326144e-61	4.57822717134	0.0
4.54689371628	1.64528772224e-61	4.54239921234	0.0
4.76239179568	1.3984945639e-61	4.75857146733	0.0
4.78159496454	1.18872037932e-61	4.75117872477	0.0
4.6286189124	1.01041232242e-61	4.60276510859	0.0
4.73031354772	8.58850474057e-62	4.69359730574	0.0
4.69840852394	7.30022902949e-62	4.69229757042	0.0
4.47679005438	6.20519467506e-62	4.47159574389	0.0
4.66012054393	5.2744154738e-62	4.67153591701	0.0
4.29373071324	4.48325315273e-62	4.64838159609	0.0
4.85790396234	3.81076517982e-62	4.54425684966	0.0
4.84894425026	3.23915040285e-62	4.57345869977	0.0
4.55381298508	2.75327784242e-62	4.30474646122	0.0
4.762246933	2.34028616606e-62	4.55842982042	0.0
4.50607427329	1.98924324115e-62	4.34919274118	0.0
4.77978772642	1.69085675498e-62	4.68035358821	0.0
4.64467233447	1.43722824173e-62	4.59520468849	0.0
4.44384176671	1.22164400547e-62	4.42015983364	0.0
4.42843972478	1.03839740465e-62	4.42438845755	0.0
4.64263580773	8.82637793953e-63	4.65546004617	0.0
4.69571305472	7.5024212486e-63	4.73437190251	0.0
4.55365150551	6.37705806131e-63	4.59637635787	0.0
4.41348601456	5.42049935211e-63	4.45967272516	0.0
4.80131897675	4.6074244493e-63	4.85278530709	0.0
4.8005378504	3.9163107819e-63	4.84428423119	0.0
4.50706283361	3.32886416462e-63	4.52901134082	0.0
4.51376326252	2.82953453992e-63	5.16809246113	0.0
4.9062650108	2.40510435894e-63	4.90785492861	0.0
4.73439825258	2.0443387051e-63	4.73574968272	0.0
4.57681104823	1.73768789933e-63	4.53849029717	0.0
4.87057123691	1.47703471443e-63	4.80298853258	0.0
4.53708131208	1.25547950727e-63	4.46545402195	0.0
4.50564148717	1.06715758118e-63	4.44475829056	0.0
4.63290847658	9.07083944e-64	4.58115775946	0.0
4.54703447685	7.710213524e-64	4.49197250781	0.0
4.73562505929	6.5536814954e-64	4.70436963121	0.0
4.819800206	5.57062927109e-64	4.82160876733	0.0
4.67001394035	4.73503488043e-64	4.67155121749	0.0
4.61065822793	4.02477964836e-64	4.61196491349	0.0
4.63194047011	3.42106270111e-64	4.63305115284	0.0
4.68073869328	2.90790329594e-64	4.70823953409	0.0
4.72520296996	2.47171780155e-64	4.74857868465	0.0
4.62445170514	2.10096013132e-64	4.64432106262	0.0
4.87481183519	1.78581611162e-64	4.89170078905	0.0
4.53370794889	1.51794369488e-64	4.54806355967	0.0
4.55922630537	1.29025214065e-64	4.52276826082	0.0
4.96629598798	1.09671431955e-64	4.91582533533	0.0
4.57631713762	9.32207171617e-65	4.53341708286	0.0
4.56390199139	7.92376095874e-65	4.76581426567	0.0
4.82137567612	6.73519681493e-65	4.68654818693	0.0
4.69138993992	5.72491729269e-65	4.58737979939	0.0
4.78497620687	4.86617969879e-65	4.71106385574	0.0
4.68494683877	4.13625274397e-65	4.64458377897	0.0
4.44511163681	3.51581483237e-65	4.44386780911	0.0
4.48480850109	2.98844260752e-65	4.50163640222	0.0
4.41048842538	2.54017621639e-65	4.74031277378	0.0
4.6332655035	2.15914978393e-65	4.47144102868	0.0
4.61407044465	1.83527731634e-65	4.47651964105	0.0
4.58111813385	1.55998571889e-65	4.44293678124	0.0
4.83044811722	1.32598786106e-65	4.69684745538	0.0
4.84288230736	1.1270896819e-65	4.78196470249	0.0
4.76119420076	9.58026229614e-66	4.70941423662	0.0
4.59484667784	8.14322295172e-66	4.5601189898	0.0
4.5856559921	6.92173950896e-66	4.60746095281	0.0
4.59286539632	5.88347858262e-66	4.62403702752	0.0
4.38823364749	5.00095679522e-66	4.41472953401	0.0
4.69899556974	4.25081327594e-66	4.73319173556	0.0
4.54068962358	3.61319128455e-66	4.55023695777	0.0
4.40914328552	3.07121259187e-66	4.92891513502	0.0
4.73849495341	2.61053070309e-66	4.68493944513	0.0
4.84933073056	2.21895109762e-66	4.80380854852	0.0
4.12193112098	1.88610843298e-66	4.08323726624	0.0
4.68022938641	1.60319216803e-66	4.60605582274	0.0
4.64801156112	1.36271334283e-66	4.56104201119	0.0
4.41615331086	1.1583063414e-66	4.32618286639	0.0
4.24029088126	9.84560390193e-67	4.14579524172	0.0
4.33530214615	8.36876331664e-67	4.98603574962	0.0
4.57069580717	7.11344881915e-67	4.92003252449	0.0
4.47444444932	6.04643149627e-67	4.77138065903	0.0
4.50276097751	5.13946677183e-67	4.75515675577	0.0
4.33905961504	4.36854675606e-67	4.57187148313	0.0
4.71168882081	3.71326474265e-67	4.84134636549	0.0
4.61987768881	3.15627503125e-67	4.73008660179	0.0
5.01414769877	2.68283377656e-67	5.05346269163	0.0
4.83227497104	2.28040871008e-67	4.84532666401	0.0
4.81292297355	1.93834740357e-67	4.798820868	0.0
4.59716393012	1.64759529303e-67	4.5851771404	0.0
4.7775169992	1.40045599908e-67	4.72233196973	0.0
4.75746337004	1.19038759922e-67	4.71055609499	0.0
4.74281714025	1.01182945933e-67	4.68630373561	0.0
4.64299789171	8.60055040434e-68	4.59496149776	0.0
4.4344986033	7.31046784369e-68	4.39366766845	0.0
4.40182313695	6.21389766713e-68	4.36711684233	0.0
4.37898212538	5.28181301706e-68	4.34948177495	0.0
4.61561966761	4.4895410645e-68	4.60621954274	0.0
4.54887227816	3.81610990483e-68	4.56405237798	0.0
4.59725049674	3.2436934191e-68	4.61015358159	0.0
4.47725323137	2.75713940624e-68	4.77801241427	0.0
4.76013130205	2.3435684953e-68	4.54663227521	0.0
4.87735021009	1.99203322101e-68	4.68643014405	0.0
4.57318710946	1.69322823786e-68	4.42515303436	0.0
5.03069282851	1.43924400218e-68	4.86610170246	0.0
4.76108646942	1.22335740185e-68	4.58773590433	0.0
4.70006548784	1.03985379157e-68	4.55271750752	0.0
4.81135389511	8.83875722837e-69	4.70122474573	0.0
4.52335697569	7.51294364412e-69	4.42974719871	0.0
4.74197258632	6.3860020975e-69	4.68428523094	0.0
4.56396633904	5.42810178287e-69	4.53397814556	0.0
4.57609622503	4.61388651544e-69	4.57594170919	0.0
4.5700970249	3.92180353813e-69	4.56996568644	0.0
4.53670075664	3.33353300741e-69	4.52863645693	0.0
4.56540014238	2.8335030563e-69	4.53409016006	0.0
4.89538944536	2.40847759785e-69	4.85097246347	0.0
4.93913404948	2.04720595817e-69	4.90137961488	0.0
4.91780992315	1.74012506445e-69	4.89791434833	0.0
4.62397251765	1.47910630478e-69	4.59226680962	0.0
5.12368133563	1.25724035906e-69	5.16065852108	0.0
5.07704496145	1.0686543052e-69	5.13425827715	0.0
4.73855868377	9.08356159424e-70	4.78719000212	0.0
4.80276293434	7.7210273551e-70	4.84409955494	0.0
4.6101342359	6.56287325184e-70	4.65522858495	0.0
4.67466354431	5.57844226406e-70	4.69872865716	0.0
4.56708490712	4.74167592445e-70	4.6103718259	0.0
4.4138115185	4.03042453578e-70	4.9457196195	0.0
4.45690862654	3.42586085542e-70	4.20386167658	0.0
4.57855271504	2.9119817271e-70	4.36346280757	0.0
4.58323637019	2.47518446804e-70	4.39255237427	0.0
4.73999396763	2.10390679783e-70	4.57791257109	0.0
4.769776892	1.78832077816e-70	4.65755191251	0.0
4.50240796937	1.52007266143e-70	4.40701673681	0.0
4.93782849534	1.29206176222e-70	4.85674594766	0.0
4.60991285415	1.09825249789e-70	4.55573406838	0.0
4.84189852295	9.33514623203e-71	4.84361237902	0.0
4.48280068221	7.93487429723e-71	4.48425745987	0.0
5.08115197051	6.74464315264e-71	5.09699679923	0.0
4.77695213176	5.73294667975e-71	4.81495450172	0.0
5.74495202083	4.87300467778e-71	5.8073351551	0.0
5.52121643396	4.14205397612e-71	5.57424209808	0.0
5.17385698874	3.5207458797e-71	5.21002467325	0.0
5.24542239079	2.99263399774e-71	5.24477070224	0.0
5.1192846601	2.54373889808e-71	5.09282187668	0.0
4.6390266747	2.16217806337e-71	4.61653330879	0.0
4.8916098718	1.83785135386e-71	4.83692411584	0.0
4.73418978408	1.56217365078e-71	4.66636165473	0.0
4.7480049173	1.32784760317e-71	4.69035100735	0.0
4.94736362356	1.12867046269e-71	4.88147706967	0.0
4.82082458721	9.59369893288e-72	4.78761973889	0.0
4.70912207551	8.15464409295e-72	4.68089795444	0.0
4.78317699724	6.93144747901e-72	4.77264206731	0.0
4.71494500523	5.89173035716e-72	4.71738057019	0.0
4.67500814467	5.00797080358e-72	4.70008888834	0.0
4.71511746225	4.25677518305e-72	4.76114811235	0.0
4.62819481108	3.61825890559e-72	4.67801646656	0.0
4.38570651562	3.07552006975e-72	4.42052590734	0.0
5.29350365774	2.61419205929e-72	5.3231001407	0.0
5.39167206078	2.22206325039e-72	5.38606376262	0.0
5.26629763282	1.88875376284e-72	5.24932742972	0.0
5.09825321529	1.60544069841e-72	5.06079520089	0.0
4.97102145234	1.36462459365e-72	4.92759111794	0.0
4.81251330081	1.1599309046e-72	4.76825820324	0.0
5.36812324237	9.85941268911e-73	5.30769414271	0.0
5.01854964808	8.38050078574e-73	4.96718491336	0.0
4.90209869145	7.12342566788e-73	4.87044492149	0.0
5.25015045016	6.0549118177e-73	5.24330708944	0.0
4.9606882039	5.14667504505e-73	4.97331802585	0.0
4.90338685666	4.37467378829e-73	5.62545272735	0.0
5.181570513	3.71847272005e-73	5.46557137669	0.0
4.77218573934	3.16070181204e-73	5.01358647348	0.0
4.96282535107	2.68659654023e-73	5.13639501674	0.0
4.82543122934	2.2836070592e-73	4.9363973921	0.0
4.69521076362	1.94106600032e-73	4.73556889117	0.0
4.87199007493	1.64990610027e-73	4.84410194741	0.0
4.84511269824	1.40242018523e-73	4.8050375309	0.0
4.96614693591	1.19205715745e-73	4.90284852152	0.0
4.62650871554	1.01324858383e-73	4.57270506331	0.0
4.44863884818	8.61261296254e-74	4.40290574379	0.0
4.60411343554	7.32072101816e-74	5.5462357911	0.0
4.67099741019	6.22261286544e-74	5.22831895136	0.0
4.94257432095	5.28922093562e-74	5.41629763094	0.0
4.84091641866	4.49583779528e-74	5.22920531652	0.0
4.95397827129	3.82146212599e-74	5.22614801961	0.0
5.06905528254	3.24824280709e-74	5.24318798515	0.0
5.03137456607	2.76100638603e-74	5.12954753046	0.0
4.95016762287	2.34685542812e-74	4.98716641904	0.0
4.90256347908	1.9948271139e-74	4.91004966273	0.0
4.86414014869	1.69560304682e-74	4.84469002734	0.0
4.76128303384	1.4412625898e-74	4.74475043069	0.0
4.77520288069	1.22507320133e-74	4.76115016801	0.0
4.77515466745	1.04131222113e-74	4.74994630206	0.0
4.71558765534	8.85115387958e-75	4.69416054476	0.0
4.40723304494	7.52348079764e-75	4.40379716902	0.0
6.31469224826	6.394958678e-75	4.5968907998	0.0
-0.467340418705	5.4357148763e-75	3.90735717983	0.0
0.549181970629	4.62035764485e-75	4.31748657815	0.0
1.18267544494	3.92730399812e-75	4.42550495966	0.0
1.62302132412	3.33820839841e-75	4.30454796364	0.0
2.17160902776	2.83747713864e-75	4.25772596349	0.0
2.96872674566	2.41185556785e-75	4.42400821098	0.0
3.30476522425	2.05007723267e-75	4.34406414087	0.0
3.92983663586	1.74256564777e-75	4.60946140676	0.0
4.70345896883	1.4811808006e-75	5.08121900927	0.0
4.33298350193	1.25900368051e-75	4.62451688527	0.0
5.12429786768	1.07015312844e-75	5.39612227504	0.0
5.04032717812	9.09630159171e-76	5.3030757943	0.0
4.81003429124	7.73185635296e-76	5.01459360821	0.0
5.07396056261	6.57207790001e-76	5.20993477377	0.0
4.85691322571	5.58626621501e-76	4.9515664303	0.0
4.7076829341	4.74832628276e-76	4.76668235458	0.0
4.58507027248	4.03607734035e-76	4.57038202672	0.0
4.58358972555	3.43066573929e-76	4.56241762812	0.0
4.41223502063	2.9160658784e-76	4.35600290419	0.0
4.57995523612	2.47865599664e-76	4.52191651161	0.0
4.5421365342	2.10685759714e-76	4.45092138718	0.0
4.59075380243	1.79082895757e-76	4.49717833958	0.0
4.78881865914	1.52220461394e-76	4.69497825883	0.0
4.94206925701	1.29387392185e-76	4.8913573633	0.0
4.98474636727	1.09979283357e-76	4.96821710504	0.0
4.99335234149	9.34823908534e-77	5.00369982116	0.0
4.96153747835	7.94600322254e-77	4.94642656979	0.0
4.73762642041	6.75410273916e-77	4.74272420206	0.0
4.58930677521	5.74098732828e-77	4.59363988961	0.0
4.58950910062	4.87983922904e-77	4.58131986266	0.0
4.69712022879	4.14786334468e-77	4.67368963529	0.0
4.84867751258	3.52568384298e-77	4.79923994541	0.0
4.6914572691	2.99683126653e-77	4.63960634764	0.0
4.68065466535	2.54730657655e-77	4.90920406536	0.0
5.09647338724	2.16521059007e-77	4.7317819164	0.0
4.74748521209	1.84042900156e-77	4.43749746188	0.0
5.21081954192	1.56436465133e-77	4.90748395046	0.0
5.08749703546	1.32970995363e-77	4.82966178271	0.0
4.91809717822	1.13025346058e-77	4.72014166689	0.0
4.85213119782	9.60715441496e-78	4.70743913937	0.0
4.59202867106	8.16608125271e-78	4.48574460541	0.0
4.74829260944	6.94116906481e-78	4.69917399457	0.0
4.64775678799	5.89999370509e-78	4.63877604053	0.0
4.71807814632	5.01499464932e-78	4.72390915793	0.0
4.4611199886	4.26274545192e-78	4.48217469006	0.0
4.5251627146	3.62333363414e-78	4.54305921084	0.0
4.58943395055	3.07983358902e-78	4.63118331675	0.0
4.69470507353	2.61785855066e-78	4.71673972606	0.0
4.59013408167	2.22517976806e-78	5.15228254589	0.0
4.64396699317	1.89140280285e-78	5.12179318776	0.0
5.3889459253	1.60769238243e-78	5.05028496713	0.0
4.58060403651	1.36653852506e-78	5.04157227924	0.0
4.70342804442	1.1615577463e-78	4.7926455908	0.0
4.58260665582	9.87324084357e-79	4.62819883827	0.0
4.82002905861	8.39225471704e-79	4.80392060176	0.0
4.67324809156	7.13341650948e-79	4.62238020055	0.0
4.80173404511	6.06340403306e-79	4.72956122726	0.0
4.58678061234	5.1538934281e-79	4.52543371717	0.0
4.7850438522	4.38080941389e-79	4.73289899131	0.0
4.58336778552	3.7236880018e-79	4.53904465376	0.0
4.61649536649	3.16513480153e-79	4.57053756944	0.0
4.6286549358	2.6903645813e-79	4.57357640208	0.0
5.0526054861	2.28680989411e-79	5.00578873244	0.0
4.71063150617	1.94378840999e-79	4.67083726555	0.0
4.79667389964	1.65222014849e-79	4.73686069284	0.0
4.70269178822	1.40438712622e-79	4.63028094267	0.0
4.82362413283	1.19372905729e-79	4.74806921728	0.0
4.55276864481	1.01466969869e-79	4.52088183316	0.0
4.65260200579	8.62469243889e-80	4.60790835841	0.0
4.57886855405	7.33098857306e-80	4.54087895378	0.0
4.63510712468	6.2313402871e-80	4.60281596445	0.0
4.66325002655	5.29663924403e-80	4.63580254035	0.0
4.88189370499	4.50214335743e-80	4.84300179626	0.0
4.98893132129	3.82682185381e-80	4.92964439662	0.0
4.90987891845	3.25279857574e-80	4.82602066771	0.0
4.91304345239	2.76487878938e-80	4.82901141561	0.0
5.00645973622	2.35014697097e-80	4.90824628555	0.0
4.78568286295	1.99762492533e-80	4.68391894412	0.0
4.87734084459	1.69798118653e-80	4.79084151358	0.0
4.74304689346	1.44328400855e-80	4.95299027423	0.0
5.05155102991	1.22679140727e-80	4.88201615129	0.0
4.90900597463	1.04277269618e-80	4.77205467198	0.0
4.8411560017	8.8635679175e-81	4.73690195668	0.0
4.7052006979	7.53403272988e-81	4.59623241148	0.0
4.90484139779	6.4039278204e-81	4.81221835433	0.0
4.6723609889	5.44333864734e-81	4.59363140197	0.0
4.30798752195	4.62683785024e-81	4.58956522163	0.0
5.00183563141	3.9328121727e-81	4.59425780274	0.0
4.87729122334	3.3428903468e-81	4.55319760242	0.0
5.39990624217	2.84145679478e-81	5.12442666439	0.0
4.9759846033	2.41523827556e-81	4.74815588509	0.0
5.62443662448	2.05295253423e-81	5.4470013967	0.0
5.57398210314	1.74500965409e-81	5.42316215952	0.0
5.33240507288	1.48325820598e-81	5.20420812081	0.0
5.00065312451	1.26076947508e-81	4.89168571525	0.0
4.97161263896	1.07165405382e-81	4.87899034108	0.0
4.85851652033	9.10905945746e-82	4.82845262693	0.0
4.94183674487	7.74270053884e-82	4.8872789461	0.0
4.96902361308	6.58129545802e-82	4.93202097656	0.0
4.6582011313	5.59410113931e-82	4.62674889026	0.0
4.87896488784	4.75498596842e-82	4.85223048296	0.0
4.8423471173	4.04173807315e-82	4.81962287315	0.0
4.83212061873	3.43547736218e-82	4.78811102606	0.0
5.03420400951	2.92015575785e-82	4.99679585574	0.0
5.00247400444	2.48213239418e-82	4.97067707374	0.0
4.65234962807	2.10981253505e-82	5.01222740379	0.0
5.17260820037	1.79334065479e-82	4.8491469512	0.0
4.766577949	1.52433955657e-82	4.50438971406	0.0
4.58338609394	1.29568862309e-82	4.3424991506	0.0
5.3739783353	1.10133532962e-82	5.12154378329	0.0
5.17191103271	9.36135030181e-83	4.94692736268	0.0
5.97494390148	7.95714775653e-83	5.75694812901	0.0
5.57489747542	6.76357559305e-83	5.38960106882	0.0
5.41005918498	5.7490392541e-83	5.26499050476	0.0
5.19456016367	4.88668336598e-83	5.08189481863	0.0
5.34622902649	4.15368086108e-83	5.2504634832	0.0
5.19825204412	3.53062873192e-83	5.11685133233	0.0
4.77872037333	3.00103442213e-83	5.09744406843	0.0
4.75504841071	2.55087925881e-83	4.66049179321	0.0
5.25756697913	2.16824736999e-83	5.15467948703	0.0
4.93600644377	1.84301026449e-83	4.83125301951	0.0
4.95017399028	1.56655872482e-83	4.88715318356	0.0
4.7429085441	1.3315749161e-83	4.67022440652	0.0
4.8289986327	1.13183867868e-83	4.78171759521	0.0
4.78222275197	9.62062876879e-84	4.76712920026	0.0
4.72130358882	8.17753445348e-84	4.73191743593	0.0
4.69727282839	6.95090428545e-84	4.70629459843	0.0
4.50961021189	5.90826864264e-84	4.51727871642	0.0
4.25270865097	5.02202834624e-84	4.25211603286	0.0
6.21645288888	4.2687240943e-84	6.10283392281	0.0
5.80393876138	3.62841548016e-84	5.70736264022	0.0
5.73094036289	3.08415315813e-84	5.64885065991	0.0
5.57410105322	2.62153018441e-84	5.59217502378	0.0
5.21476632744	2.22830065675e-84	5.31526856531	0.0
5.54900903282	1.89405555824e-84	5.78472831157	0.0
5.17968995703	1.6099472245e-84	5.39857263513	0.0
4.82308975737	1.36845514083e-84	5.00914003376	0.0
4.91159789917	1.1631868697e-84	5.05946251252	0.0
4.62495231845	9.88708839248e-85	4.71729693578	0.0
4.61632660903	8.40402513361e-85	4.69481953376	0.0
4.99469515125	7.14342136357e-85	4.9875646522	0.0
4.82044085752	6.07190815903e-85	4.76481527997	0.0
5.09048570828	5.16112193518e-85	4.99354841839	0.0
4.32691285203	4.3869536449e-85	4.24451615563	0.0
4.37233101114	3.72891059817e-85	4.3022938192	0.0
4.379904305	3.16957400844e-85	4.48331867847	0.0
4.88110864243	2.69413790718e-85	4.38010069894	0.0
4.76442952138	2.2900172211e-85	4.33857276941	0.0
4.89882337496	1.94651463793e-85	4.52292614756	0.0
5.04574018244	1.65453744224e-85	4.74022341715	0.0
4.85829945222	1.40635682591e-85	4.61791258468	0.0
5.32713352444	1.19540330202e-85	5.1627239867	0.0
4.92743742621	1.01609280672e-85	4.78768931913	0.0
5.03767008402	8.6367888571e-86	4.93405112643	0.0
5.03757665278	7.34127052854e-86	4.98384404252	0.0
4.8367612456	6.24007994926e-86	4.77127348792	0.0
4.53237640193	5.30406795687e-86	4.49175214159	0.0
4.7269361014	4.50845776334e-86	4.70306909182	0.0
4.74950425097	3.83218909884e-86	4.71660335205	0.0
4.45063115505	3.25736073401e-86	4.4374351246	0.0
4.45431752499	2.76875662391e-86	4.4195471783	0.0
4.80076583177	2.35344313032e-86	4.73681795452	0.0
4.87511331451	2.00042666078e-86	4.82075761885	0.0
4.82639692852	1.70036266166e-86	4.78019458721	0.0
4.69656810607	1.44530826241e-86	4.67778338205	0.0
4.97568558918	1.22851202305e-86	4.97611195208	0.0
4.2293327508	1.04423521959e-86	4.22969515927	0.0
4.45935458766	8.87599936653e-87	4.44995003093	0.0
4.71466678192	7.54459946155e-87	4.67685950927	0.0
4.62468150344	6.41290954232e-87	4.59254532169	0.0
4.69377459478	5.45097311097e-87	4.6498763334	0.0
4.81437239649	4.63332714432e-87	4.74957007462	0.0
4.88847096513	3.93832807267e-87	4.79422893769	0.0
4.6142395441	3.34757886177e-87	4.51883251333	0.0
5.11029518135	2.84544203251e-87	5.00906036504	0.0
5.17402080387	2.41862572763e-87	5.08797121	0.0
4.98904696255	2.05583186849e-87	4.9108952376	0.0
5.07050796193	1.74745708821e-87	5.01863720702	0.0
5.21213065616	1.48533852498e-87	5.18444413064	0.0
5.010395236	1.26253774623e-87	4.98686168931	0.0
4.51549820488	1.0731570843e-87	4.50466119928	0.0
5.71706628066	9.12183521654e-88	5.70785482589	0.0
5.48936878992	7.75355993406e-88	5.45904396582	0.0
5.31876235652	6.59052594395e-88	5.31549656242	0.0
5.21094150807	5.60194705236e-88	5.18381287114	0.0
5.20102717691	4.76165499451e-88	5.15135656328	0.0
4.90956279666	4.04740674533e-88	4.84957224066	0.0
4.81904562267	3.44029573353e-88	4.75651941354	0.0
5.31589846325	2.9242513735e-88	5.24016396912	0.0
4.95841141307	2.48561366748e-88	4.91032960119	0.0
4.79838043039	2.11277161735e-88	4.73666336425	0.0
4.90844097027	1.79585587475e-88	4.87028866412	0.0
4.85265630701	1.52647749354e-88	4.84452975687	0.0
4.77167775866	1.29750586951e-88	4.76477019104	0.0
4.74811084793	1.10287998908e-88	4.74223941545	0.0
4.88974547762	9.37447990719e-89	4.92969429985	0.0
4.74179838971	7.96830792111e-89	4.77575488861	0.0
4.81299304085	6.77306173295e-89	4.83316201592	0.0
4.7397179993	5.757102473e-89	4.73449356209	0.0
4.76303171675	4.89353710205e-89	4.7341152312	0.0
5.03313362827	4.15950653675e-89	4.99214533774	0.0
4.71180477521	3.53558055623e-89	4.64805531551	0.0
4.79530350642	3.0052434728e-89	4.68843183585	0.0
4.83020453464	2.55445695188e-89	4.72679367208	0.0
4.88448212801	2.1712884091e-89	4.79658289484	0.0
5.03117614427	1.84559514773e-89	4.98577400726	0.0
4.97487952388	1.56875587557e-89	4.94853998463	0.0
4.74039462382	1.33344249424e-89	4.71800601546	0.0
4.92986261144	1.1334261201e-89	4.9260954669	0.0
5.01955916385	9.63412202086e-90	5.01635709099	0.0
4.69475754338	8.18900371773e-90	4.67727260027	0.0
4.67324259007	6.96065316007e-90	4.64700207713	0.0
4.63539306206	5.91655518606e-90	4.56887950202	0.0
5.20602800761	5.02907190815e-90	5.14949148157	0.0
4.42512380646	4.27471112193e-90	5.15056793766	0.0
4.50290857565	3.63350445364e-90	4.72404097241	0.0
4.79184290427	3.08847878559e-90	4.94596787608	0.0
4.83145006176	2.62520696775e-90	4.91015397104	0.0
4.85024474016	2.23142592259e-90	4.92996223869	0.0
4.46821613041	1.8967120342e-90	4.51294213074	0.0
4.86006223429	1.61220522907e-90	4.89807933458	0.0
4.74017039449	1.37037444471e-90	5.36129850855	0.0
4.8370244297	1.164818278e-90	5.11426207323	0.0
4.61197245447	9.90095536304e-91	4.84762445147	0.0
4.85469074573	8.41581205858e-91	5.02484932513	0.0
5.05695736536	7.1534402498e-91	5.14057771645	0.0
5.26692254296	6.08042421233e-91	5.27343258922	0.0
5.10763985246	5.16836058048e-91	5.09282643401	0.0
5.24371000863	4.39310649341e-91	5.17097086068	0.0
5.12606706398	3.7341405194e-91	5.01964455111	0.0
4.82776560529	3.17401944149e-91	4.72107858656	0.0
4.67695085977	2.69791652526e-91	5.10030491031	0.0
4.87047846373	2.29322904647e-91	4.33525917376	0.0
5.23821217275	1.9492446895e-91	4.78327577628	0.0
4.45248034683	1.65685798608e-91	4.06578440984	0.0
5.24137056027	1.40832928817e-91	4.94695577301	0.0
5.18125348413	1.19707989494e-91	4.95693264738	0.0
4.89032571409	1.0175179107e-91	4.71642059777	0.0
4.88793384663	8.64890224095e-92	4.806583315	0.0
4.7959578281	7.35156690481e-92	4.74818367816	0.0
5.03603331405	6.24883186908e-92	5.04682542018	0.0
4.81201191154	5.31150708872e-92	4.8591411728	0.0
4.77545889047	4.51478102541e-92	4.83914803032	0.0
4.66854338762	3.8375638716e-92	4.70302098453	0.0
5.00709120483	3.26192929086e-92	5.03639716221	0.0
4.88733940429	2.77263989723e-92	4.89633404251	0.0
4.84633512771	2.35674391265e-92	4.83011516902	0.0
4.97519201857	2.00323232575e-92	4.91861469569	0.0
5.05165575377	1.70274747689e-92	4.97519459697	0.0
4.98467559609	1.44733535535e-92	4.89626774145	0.0
4.83863556596	1.23023505205e-92	4.76348888951	0.0
4.98037833685	1.04569979424e-92	4.93199541376	0.0
4.84820453599	8.88844825107e-93	4.80707905136	0.0
4.88448353855	7.55518101341e-93	4.84952687661	0.0
4.57764974184	6.4219038614e-93	4.56314510542	0.0
5.12360967279	5.45861828219e-93	5.13253258342	0.0
5.06202971796	4.63982553986e-93	5.069614192	0.0
4.83460173766	3.94385170888e-93	4.85006339614	0.0
4.86403897805	3.35227395255e-93	4.87718138776	0.0
5.04470596232	2.84943285967e-93	5.02519365672	0.0
4.91214837921	2.42201793072e-93	4.89556291945	0.0
4.96902305983	2.05871524111e-93	4.9280204381	0.0
4.75893913283	1.74990795494e-93	4.72408690436	0.0
4.4927819588	1.4874217617e-93	4.46315756459	0.0
5.08507132767	1.26430849745e-93	5.0598905926	0.0
4.78179358437	1.07466222283e-93	4.76038995956	0.0
4.99071532397	9.13462889405e-94	4.97252224288	0.0
4.868195209	7.76443455994e-94	4.83114187685	0.0
4.81667272616	6.59976937595e-94	4.78517739383	0.0
4.73848234795	5.60980396956e-94	4.71171131547	0.0
4.65901595719	4.76833337412e-94	4.59417351549	0.0
4.92319095434	4.05308336801e-94	4.86807487889	0.0
4.50091543994	3.4451208628e-94	4.46535974469	0.0
5.06138623418	2.92835273338e-94	5.01679635705	0.0
5.26503530253	2.48909982338e-94	5.22713390698	0.0
4.93574570306	2.11573484987e-94	4.90352951683	0.0
5.24005995413	1.79837462239e-94	5.24869950986	0.0
5.02296872022	1.52861842903e-94	5.0492762679	0.0
4.94122553974	1.29932566468e-94	4.9944698117	0.0
5.04062180785	1.10442681497e-94	5.10520311946	0.0
5.13355428458	9.38762792729e-95	5.24909309572	0.0
4.80903703577	7.97948373819e-95	4.90724502525	0.0
4.81613538003	6.78256117747e-95	4.87359596039	0.0
5.03994734359	5.76517700085e-95	5.06678343525	0.0
4.71199853179	4.90040045072e-95	4.7272996783	0.0
4.91419223235	4.16534038311e-95	4.88540540319	0.0
4.908403969	3.54053932564e-95	4.88393516422	0.0
5.22506459006	3.0094584268e-95	5.16795847784	0.0
5.22249518218	2.55803966278e-95	5.16071447356	0.0
5.07758717505	2.17433371336e-95	5.02507357273	0.0
4.91854433503	1.84818365636e-95	4.8954290315	0.0
4.964176673	1.5709561079e-95	4.91797225861	0.0
4.75654735676	1.33531269172e-95	4.73517351069	0.0
4.66661710761	1.13501578796e-95	5.25049940473	0.0
4.75609302333	9.64763419766e-96	4.8712702605	0.0
4.95286796121	8.20048906801e-96	5.04054177133	0.0
4.65687500685	6.97041570781e-96	4.71598611649	0.0
4.73779717595	5.92485335164e-96	4.74840839439	0.0
5.15562819441	5.03612534889e-96	5.10914770083	0.0
4.78914252849	4.28070654656e-96	4.76416477193	0.0
4.79743240974	3.63860056458e-96	4.74046387762	0.0
4.8092043476	3.09281047989e-96	4.73556086083	0.0
4.82084344322	2.62888890791e-96	4.75824647947	0.0
5.14836217955	2.23455557172e-96	5.09515476036	0.0
5.02964360198	1.89937223596e-96	4.98441729567	0.0
5.03562252637	1.61446640057e-96	5.02340173375	0.0
4.71193009482	1.37229644048e-96	4.70911524473	0.0
4.93773724566	1.16645197441e-96	4.93534462309	0.0
5.0347945725	9.91484178249e-97	5.04720425562	0.0
4.79813370279	8.42761551511e-97	5.34452552682	0.0
5.08812147396	7.16347318785e-97	5.204766273	0.0
4.83647243148	6.08895220967e-97	4.93562051067	0.0
5.07189678185	5.17560937822e-97	5.1401577289	0.0
4.71457165696	4.39926797149e-97	4.77259346196	0.0
5.10826038399	3.73937777576e-97	5.13826533095	0.0
4.8909404537	3.1784711094e-97	4.89783723057	0.0
5.24948852346	2.70170044299e-97	5.19885824219	0.0
5.11227281587	2.29644537654e-97	5.0042163197	0.0
5.19602708637	1.95197857006e-97	5.0493019554	0.0
5.15541991204	1.65918178455e-97	5.00522779594	0.0
5.09736845679	1.41030451687e-97	4.92859817353	0.0
4.33276318827	1.19875883934e-97	4.1893084475	0.0
4.61617613762	1.01894501344e-97	4.49423960796	0.0
4.695100368	-0.0285685426305	4.62002286042	0.0
4.50334811753	-0.0242832612359	4.45851419182	0.0
4.35397816395	-0.0206407720505	4.3346597651	0.0
4.99362345144	-0.0175446562429	5.02178012318	0.0
4.97642894473	-0.0149129578065	5.05083446129	0.0
4.87476630549	-0.0126760141355	4.9824800775	0.0
4.82443548369	-0.0107746120152	4.89402818589	0.0
4.81726023369	-0.00137048464161	4.868626095	0.0
4.59495120921	-0.00116491194537	4.63861219132	0.0
4.78605664546	-0.000990175153566	4.80861727169	0.0
4.75739899624	-0.000841648880531	4.75360050029	0.0
4.87601933538	-0.000715401548451	4.84565267289	0.0
4.85560378142	-0.000608091316184	4.8297921183	0.0
4.77400247257	-0.000516877618756	4.73050458364	0.0
4.65034269484	-0.000439345975943	4.59294050328	0.0
4.67265961185	-0.000373444079551	4.61771502833	0.0
4.72767552159	-0.000317427467619	4.69834997851	0.0
4.50464563738	-0.000269813347476	4.98260317819	0.0
4.5351085058	-0.000229341345354	5.0144234204	0.0
4.6443616452	-0.000194940143551	4.65701961497	0.0
4.89346011485	-0.000165699122019	4.90421938915	0.0
5.0671068929	-0.000140844253716	5.03233296338	0.0
4.82428256503	-0.000119717615658	4.79472472494	0.0
5.08673099427	-0.00010175997331	4.99798806801	0.0
4.97392891606	-8.64959773132e-05	4.87682384304	0.0
4.67275733927	-7.35215807162e-05	4.5902180272	0.0
5.03845751458	-6.24933436088e-05	4.96829909932	0.0
4.92198901984	-5.31193420675e-05	4.85517121931	0.0
5.01818744688	-4.51514407573e-05	4.93310428999	0.0
4.94686923165	0.0234585144411	4.85105165513	0.0
5.2824078973	0.019939737275	5.16504398891	0.0
4.89583045922	0.00295623370042	4.78207859411	0.0
4.9742856547	0.00251279864535	4.89211138657	0.0
4.74799282479	-0.0164301932334	4.67814469688	0.0
5.10566066007	-0.0139656642484	5.06505934361	0.0
4.98009144941	-0.0118708146111	4.96844746929	0.0
4.95517464528	-0.0100901924194	4.94527726218	0.0
4.795745386	-0.00857666355652	4.80679417495	0.0
4.78934083808	-0.00729016402304	4.82419506797	0.0
4.75686134505	0.00159792458812	4.79428200446	0.0
4.79891463617	0.0013582358999	4.83072219668	0.0
4.65238440701	0.00115450051492	4.66031060122	0.0
4.85681503129	0.000981325437681	4.9102223801	0.0
4.73445126819	0.000834126622029	4.77984751468	0.0
4.75270587164	0.000709007628725	4.77915230959	0.0
4.80978012426	0.000602656484416	4.83225959652	0.0
4.73716826014	0.000512258011753	4.73464730642	0.0
5.04955374828	0.00043541930999	5.01387124164	0.0
4.92903635875	0.000370106413492	4.87816056124	0.0
5.19216295151	0.000314590451468	5.08318199599	0.0
5.16737366806	0.000267401883748	5.06636168742	0.0
4.69409785064	0.000227291601186	4.61941656461	0.0
5.0827067251	0.000193197861008	5.03874055255	0.0
5.10432522752	0.000164218181857	5.08070879684	0.0
4.91715188245	0.000139585454578	4.91773775348	0.0
4.8968136049	0.000118647636391	4.90967770743	0.0
5.09538369178	0.000100850490933	5.13964289777	0.0
5.03547331245	8.57229172928e-05	5.08545148271	0.0
4.7013578395	7.28644796989e-05	4.75888233864	0.0
4.91725951256	6.19348077441e-05	4.95040994625	0.0
4.64103894112	5.26445865825e-05	4.66921680976	0.0
4.80635250035	4.47478985951e-05	4.85901933538	0.0
4.71730869648	3.80357138058e-05	4.75118052227	0.0
4.91218682135	3.23303567349e-05	4.95601911376	0.0
4.89305383209	2.74808032247e-05	4.90638811284	0.0
4.6639042678	2.3358682741e-05	4.64158450574	0.0
5.11956395662	1.98548803299e-05	5.06391770398	0.0
5.08041504652	1.68766482804e-05	5.00882287566	0.0
5.02284505354	1.43451510383e-05	4.96199170831	0.0
4.71313581485	1.21933783826e-05	4.6614104714	0.0
5.15851501524	1.03643716252e-05	5.13375429952	0.0
4.38473776295	8.80971588141e-06	4.36369115459	0.0
4.75687482634	7.4882584992e-06	4.75674120454	0.0
4.88163103863	6.36501972432e-06	4.8815174601	0.0
4.79627738901	5.41026676567e-06	4.80733414046	0.0
4.69120561893	4.59872675082e-06	4.68078547579	0.0
5.09649464032	3.9089177382e-06	5.06884141926	0.0
5.18101007928	3.32258007747e-06	5.12920518688	0.0
4.95427873813	2.82419306585e-06	4.89189724056	0.0
4.83710225674	2.40056410597e-06	4.7840779838	0.0
4.87961236876	2.04047949007e-06	4.86014425178	0.0
4.70085056966	1.73440756656e-06	4.66522749588	0.0
4.88734569907	1.47424643158e-06	4.85706608636	0.0
4.36815179416	1.25310946684e-06	4.34241412336	0.0
5.32537712173	1.06514304682e-06	5.26250565841	0.0
5.30434979217	9.05371589793e-07	5.22581939548	0.0
5.21949337533	7.69565851324e-07	5.12904933641	0.0
5.21991389169	6.54130973626e-07	5.15677934497	0.0
4.91831661887	5.56011327582e-07	4.86465225417	0.0
5.01159308073	4.72609628444e-07	4.97326805454	0.0
4.6307951419	4.01718184178e-07	4.59821886964	0.0
4.76915240414	3.41460456551e-07	4.75607619612	0.0
5.01416900172	2.90241388068e-07	5.01409318419	0.0
5.04778361717	2.46705179858e-07	5.02062469069	0.0
4.96630035681	2.09699402879e-07	4.94321526931	0.0
4.54579694445	1.78244492448e-07	4.51535989869	0.0
5.47311535387	1.5150781858e-07	5.47451823703	0.0
5.40696724632	1.28781645793e-07	5.38257260564	0.0
5.2499155787	1.09464398924e-07	5.23669729985	0.0
5.4075662998	9.30447390857e-08	5.38031147366	0.0
5.08658344349	7.90880282228e-08	5.05481768183	0.0
4.84801059252	6.72248239894e-08	4.81164514751	0.0
5.19824233555	5.7141100391e-08	5.16733170729	0.0
5.18166783343	4.85699353324e-08	5.1290778736	0.0
5.08878122543	4.12844450325e-08	5.04407975958	0.0
5.2912242852	-0.0321919730279	5.22103603111	0.0
5.11299315593	-0.0273631770737	5.03135269304	0.0
5.17916224907	-0.00811109930297	5.10976785562	0.0
5.05197355755	-0.00689443440753	5.00418979977	0.0
4.97390107415	-0.0058602692464	4.94927837533	0.0
5.0873984292	-0.00498122885944	5.08128952342	0.0
4.87563026333	-0.00423404453052	4.86093180379	0.0
5.01126681196	-0.00359893785094	4.98432343654	0.0
4.91718769523	-0.0030590971733	4.89428582612	0.0
5.01624010112	-0.00260023259731	4.99677351238	0.0
5.18417347491	-0.00221019770771	5.15202739332	0.0
4.40654745368	-0.00187866805155	4.37922328432	0.0
4.54328680802	-0.00159686784382	4.52006126407	0.0
4.38128231899	-0.00135733766725	4.36154060663	0.0
4.58816703039	-0.00115373701716	4.55196911288	0.0
4.42551097057	-0.000980676464587	4.41169657923	0.0
4.69955852616	-0.000833574994899	4.67218505683	0.0
4.82502967615	-0.0143217343017	4.80176222722	0.0
5.07341671286	-0.0121734741565	5.0241805483	0.0
4.85630010993	-0.010347453033	4.81444937005	0.0
4.99471906477	-0.00879533507804	4.9453861903	0.0
4.88589989248	0.013181664778	4.84396694918	0.0
4.80691645795	0.0112044150613	4.77127345614	0.0
5.09476311774	0.00952375280209	5.03192191689	0.0
4.97339840212	0.00809518988178	4.89924629262	0.0
5.11800029493	0.00688091139951	5.05497100186	0.0
5.53952410083	0.00584877468958	5.48594920172	0.0
5.32562171806	0.00497145848615	5.28008305382	0.0
5.28052795207	0.00422573971322	5.24182008746	0.0
5.01049307333	0.00359187875624	4.99623582821	0.0
4.8497727531	0.0030530969428	4.84801994809	0.0
4.82931933338	0.00259513240138	4.82782944912	0.0
5.02030542574	0.00220586254118	5.01903902412	0.0
5.15542980074	0.00187498316	5.12372680113	0.0
5.06799725592	0.001593735686	5.04104970625	0.0
4.70970109341	0.0013546753331	4.68679567619	0.0
4.70417369712	0.00115147403313	4.73304393854	0.0
4.83033162636	0.000978752928165	4.86210423577	0.0
4.87889169078	0.00083193998894	4.91900196485	0.0
4.95798833315	0.000707148990599	4.97878812519	0.0
4.64842041028	0.000601076642009	4.63896708807	0.0
4.64264909638	0.000510915145708	4.61194191193	0.0
5.06630406781	0.000434277873852	5.00347993362	0.0
4.77605522604	0.000369136192774	4.70750320332	0.0
4.86148436638	0.000313765763858	4.79410335815	0.0
5.13415574738	0.000266700899279	5.07688189039	0.0
4.90197146003	0.000226695764387	4.89171290122	0.0
4.97587186046	0.000192691399729	4.97395205286	0.0
4.88695016585	0.00016378768977	4.9072336322	0.0
4.7478636094	0.000139219536304	4.7651045558	0.0
4.84043535635	0.000118336605859	4.86807002028	0.0
4.69224086943	0.00010058611498	4.73565691365	0.0
4.7764698408	8.54981977329e-05	4.78710464167	0.0
5.39782647797	7.26734680729e-05	5.4068660587	0.0
4.58815250628	6.1772447862e-05	4.5958361499	0.0
5.23050502049	-0.0221237499218	5.23703611756	0.0
4.84250105676	-0.0188051874336	4.86221576746	0.0
5.22212673763	-0.0159844093185	5.21981526174	0.0
4.93624386495	-0.0135867479208	4.93427911045	0.0
5.09416159702	0.00394013171246	5.0615138208	0.0
4.79616759222	0.00334911195559	4.7362700697	0.0
4.91646243547	0.00284674516225	4.83708445718	0.0
4.79917856105	0.00241973338792	4.71032157292	0.0
5.04365834545	0.00205677337973	4.96812990554	0.0
4.82113828058	0.00174825737277	4.74803862854	0.0
5.42198829196	0.00148601876685	5.383082022	0.0
5.49046215364	0.00126311595183	5.45739182418	0.0
5.36157876182	0.00107364855905	5.33346898177	0.0
5.11533078412	0.000912601275194	5.09143747108	0.0
5.08848300473	0.000775711083915	5.05562365749	0.0
5.38162711955	0.000659354421328	5.37160203991	0.0
5.03378189402	0.000560451258128	5.00941923694	0.0
5.07125706805	0.000476383569409	5.03664455588	0.0
4.84844441674	0.000404926033998	4.81902378139	0.0
4.68137010772	0.000344187128898	4.67711043262	0.0
4.66446897491	0.000292559059563	4.66084825108	0.0
5.32675625046	0.000248675200629	5.34799930702	0.0
4.92073491793	0.000211373920535	4.938791516	0.0
4.90663522763	0.000179667832454	4.92198333599	0.0
4.92603033866	0.000152717657586	4.93907623077	0.0
5.02605754642	0.000129810008948	5.03714655471	0.0
5.07691425814	0.000110338507606	5.07246465064	0.0
4.95604418122	9.37877314651e-05	4.93159533543	0.0
4.99527078962	7.97195717454e-05	4.94795933051	0.0
5.03544860788	6.77616359836e-05	5.02245691718	0.0
4.78520188579	5.7597390586e-05	4.76987868964	0.0
5.31513001307	-0.010707149202	5.31286140332	0.0
5.07623080404	-0.00910107682171	5.10532305758	0.0
5.21368959234	0.00271633364228	5.23841800785	0.0
5.00012223742	0.0219118520074	5.00153842219	0.0
4.69197246475	0.0186250742063	4.69317622181	0.0
5.05567964648	0.0158313130753	5.00242302381	0.0
5.20829599875	0.013456616114	5.13316005638	0.0
4.9637696897	-0.00645247932858	4.88201353567	0.0
4.70611199944	-0.0054846074293	4.60415875097	0.0
5.01266326339	-0.0218223919737	4.92600300219	0.0
4.86758509274	-0.0185490331776	4.77299899765	0.0
4.99090974692	-0.015766678201	4.92522643537	0.0
4.79144463336	-0.0134016764708	4.73561381855	0.0
4.66362295636	-0.0113914250002	4.92663702746	0.0
4.65919309181	0.00209887483292	4.52930746975	0.0
5.28929531148	0.00178404360798	5.17889253273	0.0
5.21412956765	0.00151643706678	5.12028720572	0.0
5.18997680256	0.00128897150677	5.11021079491	0.0
4.83624540597	0.00109562578075	4.76844429947	0.0
4.82917504135	0.000931281913638	4.79689821069	0.0
5.06949272964	0.000791589626593	5.02542476937	0.0
4.76529029992	0.000672851182604	4.72783253369	0.0
5.05447745491	0.000571923505213	5.0340472252	0.0
4.90372705564	0.000486134979431	4.89631908529	0.0
4.67529997412	0.000413214732517	4.66900319933	0.0
4.98204173269	0.000351232522639	4.97668947412	0.0
4.91698847677	0.000298547644243	4.91243905698	0.0
5.12921222001	0.000253765497607	5.12534521319	0.0
5.14182343152	0.000215700672966	5.16646479874	0.0
5.26226921899	0.000183345572021	5.26810049465	0.0
4.47292883614	0.000155843736218	4.47788542045	0.0
4.68310139973	0.000132467175785	4.68731449639	0.0
4.60203892562	0.000112597099417	4.60562005778	0.0
4.63336357579	9.57075345047e-05	4.63640753813	0.0
4.41245566104	8.1351404329e-05	4.43084624975	0.0
4.92192472033	6.91486936796e-05	4.93755672073	0.0
5.00594090641	5.87763896277e-05	5.01922810675	0.0
